pulseheight,counts_ch_A,counts_ch_B
3.0742871435717865,0,0
3.2228614307153585,0,0
3.37143571785893,0,0
3.5200100050025016,0,0
3.6685842921460736,0,0
3.8171585792896456,0,0
3.965732866433217,0,0
4.114307153576789,0,0
4.262881440720362,0,0
4.411455727863933,0,0
4.560030015007504,0,0
4.708604302151077,0,0
4.857178589294648,0,0
5.005752876438221,0,0
5.154327163581792,0,0
5.302901450725363,0,0
5.451475737868936,0,0
5.600050025012507,0,0
5.748624312156079,0,0
5.897198599299651,0,0
6.045772886443222,0,0
6.194347173586795,0,0
6.342921460730366,0,0
6.491495747873938,0,0
6.64007003501751,0,0
6.7886443221610815,0,0
6.937218609304654,0,0
7.0857928964482255,0,0
7.2343671835917975,0,0
7.3829414707353695,0,0
7.531515757878941,0,0
7.680090045022513,0,0
7.828664332166085,0,0
7.977238619309657,0,0
8.125812906453229,0,0
8.2743871935968,0,0
8.422961480740373,0,0
8.571535767883944,0,0
8.720110055027515,0,0
8.868684342171086,0,0
9.017258629314659,0,0
9.165832916458232,0,0
9.314407203601803,0,0
9.462981490745374,1,0
9.611555777888945,12,0
9.760130065032518,423,0
9.908704352176091,668,0
10.057278639319662,674,0
10.205852926463233,676,0
10.354427213606805,634,0
10.503001500750377,649,0
10.65157578789395,636,0
10.800150075037521,633,0
10.948724362181093,658,0
11.097298649324664,654,0
11.245872936468235,689,0
11.394447223611808,610,0
11.54302151075538,664,0
11.691595797898952,661,0
11.840170085042523,631,0
11.988744372186094,639,0
12.137318659329667,651,0
12.28589294647324,602,0
12.434467233616811,645,0
12.583041520760382,643,0
12.731615807903953,591,0
12.880190095047526,629,0
13.028764382191099,588,0
13.17733866933467,576,0
13.325912956478241,579,0
13.474487243621812,600,0
13.623061530765385,587,0
13.771635817908958,597,0
13.92021010505253,543,0
14.0687843921961,575,0
14.217358679339672,550,0
14.365932966483244,584,0
14.514507253626816,575,0
14.663081540770389,579,0
14.81165582791396,528,0
14.96023011505753,541,0
15.108804402201104,548,0
15.257378689344675,517,0
15.405952976488248,588,0
15.554527263631819,527,0
15.70310155077539,578,0
15.851675837918963,549,0
16.000250125062536,537,0
16.148824412206107,558,0
16.297398699349678,543,0
16.445972986493253,533,0
16.59454727363682,530,0
16.743121560780395,511,0
16.891695847923966,494,0
17.040270135067537,515,0
17.188844422211112,499,0
17.33741870935468,525,0
17.485992996498254,496,0
17.634567283641825,479,0
17.783141570785396,474,0
17.93171585792897,486,0
18.08029014507254,464,0
18.228864432216113,466,0
18.377438719359684,477,0
18.526013006503256,489,0
18.67458729364683,412,0
18.823161580790398,437,0
18.971735867933972,454,0
19.12031015507754,455,0
19.268884442221115,423,0
19.417458729364686,422,0
19.566033016508257,415,0
19.71460730365183,529,0
19.8631815907954,456,0
20.011755877938974,404,0
20.160330165082545,421,0
20.308904452226116,407,0
20.45747873936969,395,0
20.60605302651326,413,0
20.754627313656833,396,0
20.903201600800404,414,0
21.051775887943975,388,0
21.20035017508755,394,0
21.348924462231118,387,0
21.497498749374692,368,0
21.646073036518263,356,0
21.794647323661835,332,0
21.94322161080541,371,0
22.091795897948977,355,0
22.24037018509255,362,0
22.388944472236123,355,0
22.537518759379694,327,0
22.68609304652327,326,0
22.834667333666836,374,0
22.98324162081041,315,0
23.131815907953982,339,0
23.280390195097553,326,0
23.428964482241128,311,0
23.577538769384695,311,0
23.72611305652827,300,0
23.87468734367184,331,0
24.023261630815412,344,0
24.171835917958987,379,0
24.320410205102554,301,0
24.46898449224613,299,0
24.6175587793897,315,0
24.76613306653327,319,0
24.914707353676846,320,0
25.063281640820414,280,0
25.211855927963988,302,0
25.360430215107556,299,0
25.50900450225113,275,0
25.657578789394705,293,0
25.806153076538273,284,0
25.954727363681847,271,0
26.103301650825415,300,0
26.25187593796899,293,0
26.400450225112564,276,0
26.549024512256132,285,0
26.697598799399707,272,0
26.846173086543274,244,0
26.99474737368685,268,0
27.143321660830424,282,0
27.29189594797399,285,0
27.440470235117566,262,0
27.589044522261133,255,0
27.737618809404708,236,0
27.886193096548283,240,0
28.03476738369185,240,0
28.183341670835425,228,0
28.331915957978993,223,0
28.480490245122567,214,0
28.629064532266142,200,0
28.77763881940971,227,0
28.926213106553284,227,0
29.07478739369685,241,0
29.223361680840426,229,0
29.371935967984,211,0
29.52051025512757,207,0
29.669084542271143,203,0
29.81765882941471,192,0
29.966233116558286,228,0
30.11480740370186,221,0
30.263381690845428,215,0
30.411955977989003,203,0
30.56053026513257,191,0
30.709104552276145,216,0
30.85767883941972,181,0
31.006253126563287,193,0
31.15482741370686,176,0
31.30340170085043,171,0
31.451975987994004,176,0
31.60055027513758,175,0
31.749124562281146,186,0
31.89769884942472,166,0
32.04627313656829,178,0
32.19484742371186,172,0
32.34342171085544,184,0
32.49199599799901,177,0
32.64057028514258,170,0
32.78914457228615,146,0
32.93771885942972,170,0
33.0862931465733,188,0
33.23486743371687,147,0
33.38344172086044,173,0
33.53201600800401,165,0
33.68059029514758,154,0
33.829164582291156,174,0
33.97773886943473,138,0
34.1263131565783,157,0
34.274887443721866,144,0
34.42346173086544,149,0
34.572036018009015,167,0
34.72061030515259,159,0
34.86918459229616,144,0
35.017758879439725,165,0
35.1663331665833,148,0
35.314907453726875,142,0
35.46348174087044,168,0
35.61205602801401,153,0
35.760630315157584,139,0
35.90920460230116,140,0
36.057778889444734,127,0
36.2063531765883,152,0
36.35492746373187,137,0
36.503501750875444,139,0
36.65207603801902,122,0
36.80065032516259,153,0
36.94922461230616,132,0
37.09779889944973,126,0
37.2463731865933,129,0
37.39494747373688,126,0
37.54352176088045,132,0
37.69209604802402,136,0
37.84067033516759,139,0
37.98924462231116,128,0
38.13781890945474,140,0
38.28639319659831,138,0
38.43496748374188,121,0
38.58354177088545,131,0
38.73211605802902,157,0
38.880690345172596,153,0
39.02926463231617,143,0
39.17783891945974,173,0
39.326413206603306,152,0
39.47498749374688,165,0
39.623561780890455,146,0
39.77213606803403,190,0
39.9207103551776,190,0
40.069284642321165,195,0
40.21785892946474,214,0
40.366433216608314,253,0
40.51500750375189,252,0
40.663581790895456,274,0
40.812156078039024,272,0
40.9607303651826,296,0
41.10930465232617,296,0
41.25787893946975,293,0
41.406453226613316,286,0
41.55502751375688,318,0
41.70360180090046,322,0
41.85217608804403,321,0
42.00075037518761,282,0
42.149324662331175,360,0
42.29789894947474,301,0
42.44647323661832,320,0
42.59504752376189,306,0
42.743621810905466,302,0
42.892196098049034,259,0
43.0407703851926,287,0
43.189344672336176,280,0
43.33791895947975,257,0
43.486493246623326,267,0
43.63506753376689,261,0
43.78364182091046,232,0
43.932216108054035,186,0
44.08079039519761,202,0
44.229364682341185,203,0
44.37793896948475,185,0
44.52651325662832,152,0
44.675087543771895,145,0
44.82366183091547,118,0
44.972236118059044,109,0
45.12081040520261,109,0
45.26938469234618,81,0
45.417958979489754,91,0
45.56653326663333,75,0
45.7151075537769,61,0
45.86368184092047,85,0
46.01225612806404,65,0
46.16083041520761,67,0
46.30940470235119,60,0
46.45797898949476,48,0
46.60655327663833,57,0
46.7551275637819,52,0
46.90370185092547,49,0
47.05227613806905,51,0
47.20085042521262,36,0
47.34942471235619,52,0
47.49799899949976,48,0
47.64657328664333,47,0
47.795147573786906,53,0
47.943721860930474,56,0
48.09229614807405,54,0
48.240870435217616,43,0
48.38944472236119,54,0
48.538019009504765,49,0
48.68659329664833,62,0
48.83516758379191,42,0
48.983741870935475,67,0
49.13231615807905,61,0
49.280890445222624,60,0
49.42946473236619,84,0
49.57803901950977,55,0
49.726613306653334,64,0
49.87518759379691,88,0
50.023761880940484,96,0
50.17233616808405,100,0
50.320910455227626,106,0
50.46948474237119,97,0
50.61805902951477,131,0
50.76663331665834,136,0
50.91520760380191,145,0
51.063781890945485,164,0
51.21235617808905,152,0
51.36093046523263,187,0
51.5095047523762,207,0
51.65807903951977,211,0
51.806653326663344,215,0
51.95522761380691,236,0
52.10380190095049,230,0
52.25237618809406,257,0
52.40095047523763,293,0
52.5495247623812,322,0
52.69809904952477,345,0
52.846673336668346,327,0
52.99524762381192,341,0
53.14382191095549,361,0
53.29239619809906,352,0
53.44097048524263,419,0
53.589544772386205,434,0
53.73811905952978,399,0
53.88669334667335,411,0
54.03526763381692,429,0
54.18384192096049,387,0
54.332416208104064,400,0
54.48099049524764,376,0
54.629564782391206,396,0
54.77813906953478,393,0
54.92671335667835,393,0
55.07528764382192,352,0
55.2238619309655,357,0
55.372436218109065,350,0
55.52101050525264,316,0
55.66958479239621,314,0
55.81815907953978,280,0
55.96673336668336,293,0
56.115307653826925,211,0
56.2638819409705,246,0
56.41245622811407,211,0
56.56103051525764,191,0
56.709604802401216,169,0
56.858179089544784,137,0
57.00675337668836,141,0
57.155327663831926,128,0
57.3039019509755,119,0
57.452476238119075,103,0
57.60105052526264,85,0
57.74962481240622,72,0
57.898199099549785,87,0
58.04677338669336,59,0
58.195347673836935,68,0
58.3439219609805,65,0
58.49249624812408,32,0
58.641070535267644,39,0
58.78964482241122,37,0
58.938219109554794,29,0
59.08679339669836,28,0
59.235367683841936,22,0
59.383941970985504,27,0
59.53251625812908,18,0
59.68109054527265,20,0
59.82966483241622,21,0
59.978239119559795,15,0
60.12681340670336,19,0
60.27538769384694,18,0
60.42396198099051,23,0
60.57253626813408,15,0
60.72111055527765,21,0
60.86968484242122,11,0
61.0182591295648,9,0
61.16683341670837,11,0
61.31540770385194,19,0
61.46398199099551,21,0
61.61255627813908,12,0
61.761130565282656,21,0
61.90970485242623,11,0
62.0582791395698,15,0
62.206853426713366,17,0
62.35542771385694,13,0
62.504002001000515,13,0
62.65257628814409,10,0
62.80115057528766,20,0
62.949724862431225,17,0
63.0982991495748,15,0
63.246873436718374,12,0
63.39544772386195,18,0
63.54402201100552,18,0
63.692596298149084,13,0
63.84117058529266,17,0
63.98974487243623,18,0
64.13831915957981,20,0
64.28689344672338,16,0
64.43546773386694,14,0
64.58404202101053,21,0
64.73261630815409,12,0
64.88119059529767,12,0
65.02976488244124,17,0
65.1783391695848,17,0
65.32691345672839,14,0
65.47548774387195,21,0
65.62406203101553,13,0
65.7726363181591,8,0
65.92121060530266,14,0
66.06978489244625,14,0
66.21835917958981,15,0
66.36693346673339,16,0
66.51550775387696,10,0
66.66408204102052,13,0
66.81265632816411,14,0
66.96123061530767,11,0
67.10980490245123,13,0
67.25837918959482,14,0
67.40695347673838,16,0
67.55552776388195,16,0
67.70410205102553,12,0
67.85267633816909,9,0
68.00125062531268,10,0
68.14982491245624,16,0
68.29839919959981,15,0
68.44697348674339,16,0
68.59554777388695,11,0
68.74412206103054,9,0
68.8926963481741,9,0
69.04127063531767,11,0
69.18984492246125,14,0
69.33841920960481,14,0
69.4869934967484,13,0
69.63556778389196,17,0
69.78414207103553,9,0
69.9327163581791,11,0
70.08129064532267,16,0
70.22986493246626,22,0
70.37843921960982,23,0
70.52701350675339,17,0
70.67558779389697,17,0
70.82416208104053,15,0
70.97273636818412,14,0
71.12131065532768,11,0
71.26988494247125,14,0
71.41845922961483,9,0
71.56703351675839,21,0
71.71560780390197,11,0
71.86418209104554,18,0
72.01275637818911,15,0
72.16133066533268,19,0
72.30990495247624,19,0
72.45847923961983,21,0
72.6070535267634,24,0
72.75562781390697,13,0
72.90420210105054,19,0
73.0527763881941,13,0
73.2013506753377,16,0
73.34992496248125,12,0
73.49849924962483,5,0
73.6470735367684,18,0
73.79564782391196,13,0
73.94422211105555,20,0
74.09279639819911,13,0
74.24137068534269,15,0
74.38994497248626,16,0
74.53851925962982,20,0
74.68709354677341,14,0
74.83566783391697,16,0
74.98424212106055,19,0
75.13281640820412,18,0
75.28139069534768,15,0
75.42996498249127,11,0
75.57853926963483,17,0
75.7271135567784,14,0
75.87568784392198,18,0
76.02426213106554,18,0
76.17283641820913,15,0
76.32141070535269,11,0
76.46998499249626,13,0
76.61855927963984,12,0
76.7671335667834,13,0
76.91570785392699,13,0
77.06428214107055,16,0
77.21285642821412,13,0
77.3614307153577,18,0
77.51000500250126,14,0
77.65857928964485,17,0
77.80715357678841,14,0
77.95572786393198,22,0
78.10430215107556,13,0
78.25287643821912,18,0
78.40145072536271,10,0
78.55002501250627,16,0
78.69859929964984,18,0
78.84717358679342,19,0
78.99574787393698,16,0
79.14432216108057,14,0
79.29289644822413,25,0
79.4414707353677,13,0
79.59004502251128,13,0
79.73861930965484,12,0
79.88719359679843,17,0
80.03576788394199,9,0
80.18434217108556,12,0
80.33291645822914,23,0
80.4814907453727,14,0
80.63006503251628,10,0
80.77863931965985,16,0
80.92721360680342,16,0
81.075787893947,12,0
81.22436218109056,19,0
81.37293646823414,18,0
81.5215107553777,12,0
81.67008504252128,13,0
81.81865932966485,13,0
81.96723361680841,9,0
82.115807903952,17,0
82.26438219109556,16,0
82.41295647823914,12,0
82.56153076538271,10,0
82.71010505252627,9,0
82.85867933966986,13,0
83.00725362681342,5,0
83.155827913957,7,0
83.30440220110057,13,0
83.45297648824413,10,0
83.60155077538772,9,0
83.75012506253128,11,0
83.89869934967486,9,0
84.04727363681843,15,0
84.19584792396199,6,0
84.34442221110558,10,0
84.49299649824914,7,0
84.64157078539272,12,0
84.79014507253629,10,0
84.93871935967985,10,0
85.08729364682344,10,0
85.235867933967,8,0
85.38444222111058,7,0
85.53301650825415,4,0
85.68159079539771,12,0
85.8301650825413,5,0
85.97873936968486,6,0
86.12731365682843,4,0
86.27588794397201,10,0
86.42446223111557,8,0
86.57303651825916,6,0
86.72161080540272,7,0
86.8701850925463,8,0
87.01875937968987,6,0
87.16733366683343,4,0
87.31590795397702,5,0
87.46448224112058,8,0
87.61305652826415,10,0
87.76163081540773,10,0
87.91020510255129,9,0
88.05877938969488,11,0
88.20735367683844,9,0
88.35592796398201,6,0
88.50450225112559,7,0
88.65307653826915,5,0
88.80165082541274,12,0
88.9502251125563,12,0
89.09879939969987,4,0
89.24737368684345,4,0
89.395947973987,6,0
89.5445222611306,10,0
89.69309654827416,4,0
89.84167083541773,2,0
89.9902451225613,11,0
90.13881940970487,3,0
90.28739369684845,8,0
90.43596798399201,4,0
90.58454227113559,2,0
90.73311655827916,7,0
90.88169084542272,9,0
91.03026513256631,9,0
91.17883941970987,6,0
91.32741370685345,3,0
91.47598799399702,3,0
91.62456228114058,4,0
91.77313656828417,8,0
91.92171085542773,6,0
92.0702851425713,6,0
92.21885942971488,8,0
92.36743371685844,8,0
92.51600800400203,6,0
92.66458229114559,6,0
92.81315657828915,4,0
92.96173086543274,5,0
93.1103051525763,3,0
93.25887943971989,5,0
93.40745372686345,5,0
93.55602801400701,2,0
93.7046023011506,4,0
93.85317658829416,3,0
94.00175087543775,2,0
94.15032516258131,5,0
94.29889944972487,5,0
94.44747373686846,4,0
94.59604802401202,11,0
94.74462231115561,5,0
94.89319659829917,7,0
95.04177088544273,11,0
95.19034517258632,10,0
95.33891945972988,6,0
95.48749374687347,6,0
95.63606803401703,8,0
95.78464232116059,6,0
95.93321660830418,5,0
96.08179089544774,8,0
96.23036518259133,5,0
96.37893946973489,6,0
96.52751375687845,9,0
96.67608804402204,11,0
96.8246623311656,9,0
96.97323661830919,12,0
97.12181090545275,5,0
97.27038519259631,15,0
97.4189594797399,10,0
97.56753376688346,14,0
97.71610805402705,10,0
97.8646823411706,11,0
98.01325662831417,12,0
98.16183091545776,12,0
98.31040520260132,12,0
98.4589794897449,13,0
98.60755377688847,14,0
98.75612806403203,11,0
98.90470235117562,21,0
99.05327663831918,26,0
99.20185092546276,19,0
99.35042521260632,20,0
99.49899949974989,31,0
99.64757378689347,23,0
99.79614807403703,43,0
99.94472236118062,31,0
100.09329664832418,25,0
100.24187093546774,32,0
100.39044522261133,26,0
100.5390195097549,25,0
100.68759379689848,20,0
100.83616808404204,39,0
100.9847423711856,34,0
101.13331665832919,36,0
101.28189094547275,44,0
101.43046523261634,43,0
101.5790395197599,38,0
101.72761380690346,40,0
101.87618809404705,26,0
102.02476238119061,38,0
102.1733366683342,34,0
102.32191095547776,36,0
102.47048524262132,30,0
102.61905952976491,29,0
102.76763381690847,30,0
102.91620810405206,17,0
103.06478239119562,27,0
103.21335667833918,25,0
103.36193096548277,27,0
103.51050525262633,36,0
103.65907953976992,28,0
103.80765382691348,25,0
103.95622811405704,23,0
104.10480240120063,25,0
104.25337668834419,24,0
104.40195097548778,20,0
104.55052526263134,20,0
104.6990995497749,23,0
104.84767383691849,17,0
104.99624812406205,13,0
105.14482241120564,22,0
105.2933966983492,24,0
105.44197098549276,14,0
105.59054527263635,16,0
105.73911955977991,13,0
105.8876938469235,15,0
106.03626813406706,9,0
106.18484242121062,15,0
106.3334167083542,9,0
106.48199099549777,12,0
106.63056528264136,11,0
106.77913956978492,11,0
106.92771385692848,7,0
107.07628814407207,9,0
107.22486243121563,7,0
107.37343671835922,9,0
107.52201100550278,9,0
107.67058529264634,7,0
107.81915957978993,5,0
107.96773386693349,4,0
108.11630815407707,1,0
108.26488244122064,6,0
108.4134567283642,5,0
108.56203101550778,3,0
108.71060530265135,2,0
108.85917958979493,3,0
109.0077538769385,1,0
109.15632816408205,3,0
109.30490245122564,7,0
109.4534767383692,4,0
109.6020510255128,3,0
109.75062531265635,2,0
109.89919959979991,1,0
110.0477738869435,2,0
110.19634817408706,2,0
110.34492246123065,4,0
110.49349674837421,3,0
110.64207103551777,3,0
110.79064532266136,3,0
110.93921960980492,0,0
111.08779389694851,3,0
111.23636818409207,4,0
111.38494247123563,3,0
111.53351675837922,8,0
111.68209104552278,5,0
111.83066533266637,5,0
111.97923961980993,0,0
112.12781390695349,6,0
112.27638819409708,4,0
112.42496248124064,3,0
112.57353676838423,2,0
112.72211105552779,4,0
112.87068534267135,2,0
113.01925962981494,2,0
113.1678339169585,5,0
113.31640820410209,2,0
113.46498249124565,6,0
113.61355677838921,3,0
113.7621310655328,6,0
113.91070535267636,5,0
114.05927963981995,3,0
114.20785392696351,9,0
114.35642821410707,6,0
114.50500250125066,4,0
114.65357678839422,2,0
114.80215107553781,4,0
114.95072536268137,3,0
115.09929964982493,4,0
115.24787393696852,5,0
115.39644822411208,6,0
115.54502251125567,8,0
115.69359679839923,4,0
115.84217108554279,7,0
115.99074537268638,5,0
116.13931965982994,5,0
116.28789394697353,10,0
116.43646823411709,6,0
116.58504252126065,6,0
116.73361680840424,4,0
116.8821910955478,6,0
117.03076538269138,5,0
117.17933966983495,8,0
117.3279139569785,6,0
117.4764882441221,6,0
117.62506253126566,7,0
117.77363681840923,9,0
117.9222111055528,5,0
118.07078539269637,6,0
118.21935967983995,7,0
118.36793396698351,6,0
118.51650825412709,5,0
118.66508254127066,1,0
118.81365682841422,5,0
118.96223111555781,0,0
119.11080540270137,5,0
119.25937968984495,4,0
119.40795397698852,3,0
119.55652826413208,7,0
119.70510255127567,2,0
119.85367683841923,3,0
120.00225112556281,2,0
120.15082541270638,3,0
120.29939969984994,1,0
120.44797398699353,2,0
120.59654827413709,1,0
120.74512256128067,3,0
120.89369684842424,3,0
121.0422711355678,1,0
121.19084542271139,1,0
121.33941970985495,0,0
121.48799399699853,2,0
121.6365682841421,2,0
121.78514257128566,0,0
121.93371685842925,4,0
122.08229114557281,1,0
122.23086543271639,0,0
122.37943971985996,0,0
122.52801400700352,0,0
122.67658829414711,4,0
122.82516258129067,1,0
122.97373686843424,1,0
123.12231115557782,1,0
123.27088544272138,3,0
123.41945972986497,3,0
123.56803401700853,2,0
123.7166083041521,2,0
123.86518259129568,1,0
124.01375687843924,2,0
124.16233116558283,3,0
124.31090545272639,1,0
124.45947973986996,0,0
124.60805402701354,0,0
124.7566283141571,0,0
124.90520260130069,2,0
125.05377688844425,0,0
125.20235117558782,0,0
125.3509254627314,0,0
125.49949974987496,0,0
125.64807403701855,2,0
125.7966483241621,1,0
125.94522261130568,0,0
126.09379689844926,1,0
126.24237118559282,0,0
126.3909454727364,2,0
126.53951975987997,0,0
126.68809404702354,1,0
126.83666833416711,0,0
126.98524262131068,0,0
127.13381690845426,1,0
127.28239119559782,0,0
127.4309654827414,2,0
127.57953976988497,1,0
127.72811405702853,1,0
127.87668834417212,2,0
128.02526263131568,4,0
128.17383691845927,2,0
128.32241120560283,2,0
128.47098549274642,1,0
128.61955977988998,1,0
128.76813406703354,0,0
128.91670835417713,0,0
129.0652826413207,2,0
129.21385692846428,1,0
129.36243121560784,1,0
129.5110055027514,2,0
129.659579789895,2,0
129.80815407703855,2,0
129.95672836418214,1,0
130.1053026513257,0,0
130.25387693846926,2,0
130.40245122561285,0,0
130.5510255127564,0,0
130.6995997999,1,0
130.84817408704356,1,0
130.99674837418712,1,0
131.14532266133068,0,0
131.29389694847427,1,0
131.44247123561783,2,0
131.59104552276142,3,0
131.73961980990498,0,0
131.88819409704854,0,0
132.03676838419213,0,0
132.1853426713357,1,0
132.33391695847928,2,0
132.48249124562284,3,0
132.6310655327664,3,0
132.77963981991,2,0
132.92821410705355,0,0
133.07678839419714,1,0
133.2253626813407,0,0
133.37393696848426,0,0
133.52251125562785,0,0
133.6710855427714,3,0
133.819659829915,1,0
133.96823411705856,0,0
134.11680840420212,3,0
134.2653826913457,1,0
134.41395697848927,1,0
134.56253126563286,1,0
134.71110555277642,1,0
134.85967983991998,2,0
135.00825412706357,0,0
135.15682841420713,1,0
135.30540270135072,1,0
135.45397698849428,2,0
135.60255127563784,0,0
135.75112556278143,0,0
135.89969984992499,0,0
136.04827413706857,0,0
136.19684842421213,0,0
136.3454227113557,1,0
136.49399699849928,3,0
136.64257128564284,0,0
136.79114557278643,0,0
136.93971985993,3,0
137.08829414707355,0,0
137.23686843421714,0,0
137.3854427213607,0,0
137.5340170085043,4,0
137.68259129564785,1,0
137.8311655827914,0,0
137.979739869935,2,0
138.12831415707856,1,0
138.27688844422215,0,0
138.4254627313657,1,0
138.57403701850927,0,0
138.72261130565286,0,0
138.87118559279642,0,0
139.01975987994,1,0
139.16833416708357,0,0
139.31690845422713,1,0
139.46548274137072,0,0
139.61405702851428,1,0
139.76263131565787,1,0
139.91120560280143,2,0
140.059779889945,1,0
140.20835417708858,0,0
140.35692846423214,1,0
140.50550275137573,0,0
140.6540770385193,3,0
140.80265132566285,1,0
140.95122561280644,5,0
141.09979989995,1,0
141.2483741870936,1,0
141.39694847423715,1,0
141.5455227613807,1,0
141.6940970485243,0,0
141.84267133566786,1,0
141.99124562281145,2,0
142.139819909955,3,0
142.28839419709857,0,0
142.43696848424216,1,0
142.58554277138572,2,0
142.7341170585293,2,0
142.88269134567287,1,0
143.03126563281643,0,0
143.17983991996002,2,0
143.32841420710358,1,0
143.47698849424717,1,0
143.62556278139073,2,0
143.7741370685343,0,0
143.92271135567788,2,0
144.07128564282144,2,0
144.21985992996503,0,0
144.3684342171086,2,0
144.51700850425215,1,0
144.66558279139574,2,0
144.8141570785393,0,0
144.96273136568288,0,0
145.11130565282645,1,0
145.25987993997,0,0
145.4084542271136,0,0
145.55702851425715,2,0
145.70560280140074,1,0
145.8541770885443,0,0
146.00275137568786,2,0
146.15132566283145,1,0
146.299899949975,1,0
146.4484742371186,0,0
146.59704852426216,1,0
146.74562281140572,3,0
146.8941970985493,0,0
147.04277138569287,1,0
147.19134567283646,1,0
147.33991995998002,2,0
147.48849424712358,0,0
147.63706853426717,1,0
147.78564282141073,0,0
147.93421710855432,0,0
148.08279139569788,2,0
148.23136568284144,1,0
148.37993996998503,0,0
148.5285142571286,0,0
148.67708854427218,1,0
148.82566283141574,1,0
148.9742371185593,1,0
149.1228114057029,0,0
149.27138569284645,0,0
149.41995997999004,0,0
149.5685342671336,0,0
149.71710855427716,1,0
149.86568284142075,0,0
150.0142571285643,1,0
150.1628314157079,0,0
150.31140570285146,0,0
150.45997998999502,1,0
150.6085542771386,2,0
150.75712856428217,0,0
150.90570285142576,0,0
151.05427713856932,0,0
151.20285142571288,0,0
151.35142571285647,0,0
151.50000000000003,1,0
151.64857428714362,1,0
151.79714857428718,0,0
151.94572286143074,1,0
152.09429714857433,0,0
152.2428714357179,1,0
152.39144572286148,2,0
152.54002001000504,0,0
152.6885942971486,1,0
152.8371685842922,1,0
152.98574287143575,1,0
153.13431715857934,1,0
153.2828914457229,0,0
153.43146573286646,2,0
153.58004002001005,0,0
153.7286143071536,0,0
153.8771885942972,0,0
154.02576288144076,0,0
154.17433716858432,0,0
154.3229114557279,0,0
154.47148574287147,1,0
154.62006003001505,0,0
154.76863431715861,0,0
154.91720860430217,0,0
155.06578289144576,0,0
155.21435717858932,0,0
155.3629314657329,0,0
155.51150575287647,0,0
155.66008004002003,0,0
155.80865432716362,0,0
155.95722861430718,1,0
156.10580290145077,0,0
156.25437718859433,0,0
156.4029514757379,0,0
156.55152576288148,0,0
156.70010005002504,0,0
156.84867433716863,1,0
156.9972486243122,0,0
157.14582291145575,2,0
157.29439719859934,0,0
157.4429714857429,1,0
157.5915457728865,0,0
157.74012006003005,0,0
157.8886943471736,0,0
158.0372686343172,0,0
158.18584292146076,0,0
158.33441720860435,1,0
158.4829914957479,0,0
158.63156578289147,0,0
158.78014007003506,0,0
158.92871435717862,1,0
159.0772886443222,1,0
159.22586293146577,0,0
159.37443721860933,2,0
159.52301150575292,1,0
159.67158579289648,1,0
159.82016008004007,0,0
159.96873436718363,0,0
160.1173086543272,0,0
160.26588294147078,1,0
160.41445722861434,1,0
160.56303151575793,1,0
160.7116058029015,0,0
160.86018009004505,1,0
161.00875437718864,0,0
161.1573286643322,1,0
161.3059029514758,0,0
161.45447723861935,1,0
161.6030515257629,0,0
161.7516258129065,0,0
161.90020010005006,1,0
162.04877438719365,1,0
162.1973486743372,1,0
162.34592296148077,1,0
162.49449724862436,0,0
162.64307153576792,2,0
162.7916458229115,0,0
162.94022011005507,1,0
163.08879439719863,0,0
163.23736868434221,0,0
163.38594297148578,0,0
163.53451725862936,1,0
163.68309154577292,0,0
163.83166583291649,1,0
163.98024012006007,0,0
164.12881440720363,0,0
164.27738869434722,1,0
164.42596298149078,0,0
164.57453726863434,0,0
164.72311155577793,0,0
164.8716858429215,0,0
165.02026013006508,2,0
165.16883441720864,0,0
165.3174087043522,1,0
165.4659829914958,0,0
165.61455727863935,1,0
165.76313156578294,0,0
165.9117058529265,0,0
166.06028014007006,1,0
166.20885442721365,0,0
166.3574287143572,0,0
166.5060030015008,1,0
166.65457728864436,0,0
166.80315157578792,0,0
166.9517258629315,0,0
167.10030015007507,0,0
167.24887443721866,0,0
167.39744872436222,0,0
167.54602301150578,1,0
167.69459729864937,0,0
167.84317158579293,1,0
167.99174587293652,0,0
168.14032016008008,1,0
168.28889444722364,1,0
168.43746873436723,0,0
168.5860430215108,0,0
168.73461730865438,0,0
168.88319159579794,1,0
169.0317658829415,0,0
169.1803401700851,1,0
169.32891445722865,0,0
169.47748874437224,0,0
169.6260630315158,0,0
169.77463731865936,1,0
169.92321160580295,0,0
170.0717858929465,0,0
170.2203601800901,0,0
170.36893446723366,0,0
170.51750875437722,0,0
170.6660830415208,1,0
170.81465732866437,1,0
170.96323161580796,1,0
171.11180590295152,0,0
171.26038019009508,0,0
171.40895447723867,0,0
171.55752876438223,0,0
171.70610305152582,1,0
171.85467733866938,0,0
172.00325162581294,0,0
172.15182591295653,0,0
172.30040020010009,0,0
172.44897448724367,0,0
172.59754877438723,0,0
172.7461230615308,0,0
172.89469734867438,1,0
173.04327163581794,0,0
173.19184592296153,0,0
173.3404202101051,0,0
173.48899449724865,2,0
173.63756878439224,0,0
173.7861430715358,0,0
173.9347173586794,0,0
174.08329164582295,0,0
174.2318659329665,1,0
174.3804402201101,2,0
174.52901450725366,0,0
174.67758879439725,1,0
174.8261630815408,0,0
174.97473736868437,1,0
175.12331165582796,0,0
175.27188594297152,0,0
175.4204602301151,0,0
175.56903451725867,1,0
175.71760880440223,0,0
175.86618309154582,1,0
176.01475737868938,1,0
176.16333166583297,0,0
176.31190595297653,2,0
176.4604802401201,0,0
176.60905452726368,0,0
176.75762881440724,0,0
176.90620310155083,0,0
177.0547773886944,0,0
177.20335167583795,0,0
177.35192596298154,0,0
177.5005002501251,0,0
177.6490745372687,1,0
177.79764882441225,0,0
177.9462231115558,0,0
178.0947973986994,0,0
178.24337168584296,0,0
178.39194597298655,0,0
178.5405202601301,3,0
178.68909454727367,0,0
178.83766883441726,3,0
178.98624312156082,0,0
179.1348174087044,0,0
179.28339169584797,1,0
179.43196598299153,0,0
179.58054027013512,1,0
179.72911455727868,2,0
179.87768884442227,0,0
180.02626313156583,1,0
180.1748374187094,0,0
180.32341170585298,1,0
180.47198599299654,0,0
180.62056028014013,0,0
180.7691345672837,0,0
180.91770885442725,0,0
181.0662831415708,1,0
181.2148574287144,0,0
181.36343171585798,2,0
181.51200600300155,0,0
181.6605802901451,0,0
181.80915457728867,0,0
181.95772886443226,0,0
182.10630315157584,1,0
182.2548774387194,0,0
182.40345172586296,0,0
182.55202601300653,1,0
182.7006003001501,0,0
182.8491745872937,0,0
182.99774887443726,0,0
183.14632316158082,0,0
183.29489744872438,0,0
183.44347173586797,0,0
183.59204602301156,0,0
183.74062031015512,0,0
183.88919459729868,1,0
184.03776888444224,0,0
184.18634317158583,0,0
184.33491745872942,0,0
184.48349174587298,0,0
184.63206603301654,0,0
184.7806403201601,0,0
184.9292146073037,2,0
185.07778889444728,1,0
185.22636318159084,0,0
185.3749374687344,0,0
185.52351175587796,0,0
185.67208604302155,0,0
185.82066033016514,0,0
185.9692346173087,0,0
186.11780890445226,0,0
186.26638319159582,0,0
186.4149574787394,0,0
186.563531765883,0,0
186.71210605302656,0,0
186.86068034017012,0,0
187.00925462731368,1,0
187.15782891445727,1,0
187.30640320160086,1,0
187.45497748874442,1,0
187.60355177588798,0,0
187.75212606303154,0,0
187.90070035017513,0,0
188.04927463731872,0,0
188.19784892446228,0,0
188.34642321160584,0,0
188.4949974987494,1,0
188.643571785893,0,0
188.79214607303658,0,0
188.94072036018014,0,0
189.0892946473237,0,0
189.23786893446726,0,0
189.38644322161085,0,0
189.53501750875444,0,0
189.683591795898,0,0
189.83216608304156,0,0
189.98074037018512,1,0
190.1293146573287,0,0
190.2778889444723,0,0
190.42646323161586,0,0
190.57503751875942,0,0
190.72361180590298,0,0
190.87218609304657,0,0
191.02076038019015,0,0
191.16933466733371,0,0
191.31790895447728,0,0
191.46648324162084,0,0
191.61505752876442,0,0
191.763631815908,0,0
191.91220610305157,1,0
192.06078039019513,0,0
192.2093546773387,0,0
192.35792896448228,0,0
192.50650325162587,0,0
192.65507753876943,0,0
192.803651825913,0,0
192.95222611305655,1,0
193.10080040020014,0,0
193.24937468734373,0,0
193.3979489744873,0,0
193.54652326163085,1,0
193.6950975487744,0,0
193.843671835918,1,0
193.9922461230616,0,0
194.14082041020515,0,0
194.2893946973487,1,0
194.43796898449227,0,0
194.58654327163586,0,0
194.73511755877945,1,0
194.883691845923,0,0
195.03226613306657,1,0
195.18084042021013,0,0
195.32941470735372,1,0
195.4779889944973,1,0
195.62656328164087,0,0
195.77513756878443,1,0
195.923711855928,1,0
196.07228614307158,0,0
196.22086043021517,1,0
196.36943471735873,0,0
196.5180090045023,1,0
196.66658329164585,0,0
196.81515757878944,1,0
196.96373186593303,1,0
197.1123061530766,1,0
197.26088044022015,1,0
197.4094547273637,0,0
197.5580290145073,1,0
197.7066033016509,1,0
197.85517758879445,1,0
198.003751875938,0,0
198.15232616308157,1,0
198.30090045022516,1,0
198.44947473736875,0,0
198.5980490245123,0,0
198.74662331165587,0,0
198.89519759879943,0,0
199.04377188594302,1,0
199.1923461730866,0,0
199.34092046023017,0,0
199.48949474737373,0,0
199.6380690345173,0,0
199.78664332166088,1,0
199.93521760880446,0,0
200.08379189594802,1,0
200.23236618309159,0,0
200.38094047023515,0,0
200.52951475737873,1,0
200.67808904452232,2,0
200.82666333166588,0,0
200.97523761880944,2,0
201.123811905953,1,0
201.2723861930966,0,0
201.42096048024018,1,0
201.56953476738374,0,0
201.7181090545273,0,0
201.86668334167086,0,0
202.01525762881445,0,0
202.16383191595804,0,0
202.3124062031016,0,0
202.46098049024516,0,0
202.60955477738872,0,0
202.7581290645323,0,0
202.9067033516759,0,0
203.05527763881946,0,0
203.20385192596302,0,0
203.35242621310658,0,0
203.50100050025017,0,0
203.64957478739376,0,0
203.79814907453732,0,0
203.94672336168088,0,0
204.09529764882444,0,0
204.24387193596803,0,0
204.39244622311162,0,0
204.54102051025518,0,0
204.68959479739874,0,0
204.8381690845423,1,0
204.9867433716859,0,0
205.13531765882948,0,0
205.28389194597304,0,0
205.4324662331166,0,0
205.58104052026016,0,0
205.72961480740375,0,0
205.87818909454734,0,0
206.0267633816909,0,0
206.17533766883446,0,0
206.32391195597802,0,0
206.4724862431216,0,0
206.6210605302652,0,0
206.76963481740876,0,0
206.91820910455232,0,0
207.06678339169588,0,0
207.21535767883947,0,0
207.36393196598306,0,0
207.51250625312662,0,0
207.66108054027018,0,0
207.80965482741374,0,0
207.95822911455733,0,0
208.10680340170092,0,0
208.25537768884448,0,0
208.40395197598804,0,0
208.5525262631316,0,0
208.70110055027519,0,0
208.84967483741877,1,0
208.99824912456234,0,0
209.1468234117059,0,0
209.29539769884946,0,0
209.44397198599304,0,0
209.59254627313663,0,0
209.7411205602802,0,0
209.88969484742375,0,0
210.03826913456732,0,0
210.1868434217109,0,0
210.3354177088545,0,0
210.48399199599805,0,0
210.6325662831416,0,0
210.78114057028517,0,0
210.92971485742876,0,0
211.07828914457235,1,0
211.2268634317159,0,0
211.37543771885947,0,0
211.52401200600303,0,0
211.67258629314662,0,0
211.8211605802902,0,0
211.96973486743377,0,0
212.11830915457733,0,0
212.2668834417209,0,0
212.41545772886448,0,0
212.56403201600807,0,0
212.71260630315163,0,0
212.8611805902952,0,0
213.00975487743875,0,0
213.15832916458234,0,0
213.30690345172593,1,0
213.4554777388695,0,0
213.60405202601305,0,0
213.7526263131566,0,0
213.9012006003002,0,0
214.0497748874438,0,0
214.19834917458735,0,0
214.3469234617309,0,0
214.49549774887447,0,0
214.64407203601806,0,0
214.79264632316165,0,0
214.9412206103052,0,0
215.08979489744877,0,0
215.23836918459233,0,0
215.38694347173592,0,0
215.5355177588795,0,0
215.68409204602307,0,0
215.83266633316663,0,0
215.9812406203102,0,0
216.12981490745378,0,0
216.27838919459737,0,0
216.42696348174093,0,0
216.5755377688845,0,0
216.72411205602805,0,0
216.87268634317164,0,0
217.02126063031523,0,0
217.1698349174588,0,0
217.31840920460235,0,0
217.4669834917459,0,0
217.6155577788895,0,0
217.76413206603308,0,0
217.91270635317665,0,0
218.0612806403202,0,0
218.20985492746377,0,0
218.35842921460736,0,0
218.50700350175094,0,0
218.6555777888945,0,0
218.80415207603806,0,0
218.95272636318163,0,0
219.10130065032521,0,0
219.2498749374688,0,0
219.39844922461236,0,0
219.54702351175592,1,0
219.69559779889948,0,0
219.84417208604307,0,0
219.99274637318666,0,0
220.14132066033022,0,0
220.28989494747378,0,0
220.43846923461734,0,0
220.58704352176093,0,0
220.73561780890452,0,0
220.88419209604808,0,0
221.03276638319164,0,0
221.1813406703352,0,0
221.3299149574788,1,0
221.47848924462238,0,0
221.62706353176594,0,0
221.7756378189095,0,0
221.92421210605306,0,0
222.07278639319665,0,0
222.22136068034024,0,0
222.3699349674838,0,0
222.51850925462736,0,0
222.66708354177092,0,0
222.8156578289145,0,0
222.9642321160581,1,0
223.11280640320166,0,0
223.26138069034522,0,0
223.40995497748878,0,0
223.55852926463237,0,0
223.70710355177596,0,0
223.85567783891952,0,0
224.00425212606308,0,0
224.15282641320664,0,0
224.30140070035023,0,0
224.44997498749382,0,0
224.59854927463738,0,0
224.74712356178094,0,0
224.8956978489245,0,0
225.0442721360681,0,0
225.19284642321168,0,0
225.34142071035524,0,0
225.4899949974988,1,0
225.63856928464236,0,0
225.78714357178595,0,0
225.93571785892954,0,0
226.0842921460731,0,0
226.23286643321666,0,0
226.38144072036022,0,0
226.5300150075038,0,0
226.6785892946474,0,0
226.82716358179096,0,0
226.97573786893452,0,0
227.12431215607808,0,0
227.27288644322167,0,0
227.42146073036525,0,0
227.57003501750881,0,0
227.71860930465238,0,0
227.86718359179594,0,0
228.01575787893952,0,0
228.1643321660831,0,0
228.31290645322667,0,0
228.46148074037023,0,0
228.6100550275138,0,0
228.75862931465738,0,0
228.90720360180097,0,0
229.05577788894453,0,0
229.2043521760881,0,0
229.35292646323165,0,0
229.50150075037524,0,0
229.65007503751883,0,0
229.7986493246624,0,0
229.94722361180595,0,0
230.0957978989495,0,0
230.2443721860931,0,0
230.3929464732367,1,0
230.54152076038025,0,0
230.6900950475238,0,0
230.83866933466737,1,0
230.98724362181096,0,0
231.13581790895455,0,0
231.2843921960981,1,0
231.43296648324167,0,0
231.58154077038523,0,0
231.73011505752882,0,0
231.87868934467238,0,0
232.02726363181597,0,0
232.17583791895953,0,0
232.3244122061031,0,0
232.47298649324668,1,0
232.62156078039024,0,0
232.77013506753383,0,0
232.9187093546774,0,0
233.06728364182095,0,0
233.21585792896454,0,0
233.3644322161081,0,0
233.5130065032517,0,0
233.66158079039525,0,0
233.8101550775388,0,0
233.9587293646824,0,0
234.10730365182596,0,0
234.25587793896955,0,0
234.4044522261131,0,0
234.55302651325667,0,0
234.70160080040026,1,0
234.85017508754382,0,0
234.9987493746874,0,0
235.14732366183097,0,0
235.29589794897453,0,0
235.44447223611812,0,0
235.59304652326168,0,0
235.74162081040527,0,0
235.89019509754883,0,0
236.0387693846924,0,0
236.18734367183598,0,0
236.33591795897954,0,0
236.48449224612312,0,0
236.63306653326669,0,0
236.78164082041025,0,0
236.93021510755383,0,0
237.0787893946974,0,0
237.22736368184098,0,0
237.37593796898454,0,0
237.5245122561281,0,0
237.6730865432717,0,0
237.82166083041525,0,0
237.97023511755884,0,0
238.1188094047024,0,0
238.26738369184596,0,0
238.41595797898955,0,0
238.5645322661331,0,0
238.7131065532767,0,0
238.86168084042026,0,0
239.01025512756382,0,0
239.1588294147074,0,0
239.30740370185097,0,0
239.45597798899456,0,0
239.60455227613812,0,0
239.75312656328168,0,0
239.90170085042527,0,0
240.05027513756883,0,0
240.19884942471242,0,0
240.34742371185598,0,0
240.49599799899954,0,0
240.64457228614313,0,0
240.7931465732867,0,0
240.94172086043028,0,0
241.09029514757384,1,0
241.2388694347174,0,0
241.387443721861,0,0
241.53601800900455,0,0
241.68459229614814,0,0
241.8331665832917,0,0
241.98174087043526,0,0
242.13031515757885,0,0
242.2788894447224,0,0
242.427463731866,0,0
242.57603801900956,0,0
242.72461230615312,0,0
242.8731865932967,0,0
243.02176088044027,0,0
243.17033516758386,0,0
243.31890945472742,0,0
243.46748374187098,0,0
243.61605802901457,0,0
243.76463231615813,0,0
243.91320660330172,0,0
244.06178089044528,0,0
244.21035517758884,0,0
244.35892946473243,0,0
244.507503751876,0,0
244.65607803901958,0,0
244.80465232616314,0,0
244.9532266133067,0,0
245.10180090045029,0,0
245.25037518759385,0,0
245.39894947473744,0,0
245.547523761881,0,0
245.69609804902456,0,0
245.84467233616814,0,0
245.9932466233117,0,0
246.1418209104553,0,0
246.29039519759885,0,0
246.43896948474242,0,0
246.587543771886,0,0
246.73611805902956,0,0
246.88469234617315,0,0
247.0332666333167,0,0
247.18184092046027,0,0
247.33041520760386,0,0
247.47898949474742,0,0
247.627563781891,0,0
247.77613806903457,0,0
247.92471235617813,0,0
248.07328664332172,0,0
248.22186093046528,0,0
248.37043521760887,0,0
248.51900950475243,0,0
248.667583791896,0,0
248.81615807903958,0,0
248.96473236618314,0,0
249.11330665332673,0,0
249.2618809404703,0,0
249.41045522761385,0,0
249.55902951475744,0,0
249.707603801901,0,0
249.8561780890446,0,0
250.00475237618815,0,0
250.1533266633317,0,0
250.3019009504753,0,0
250.45047523761886,0,0
250.59904952476245,0,0
250.747623811906,0,0
250.89619809904957,0,0
251.04477238619316,0,0
251.19334667333672,0,0
251.3419209604803,0,0
251.49049524762387,0,0
251.63906953476743,0,0
251.78764382191102,0,0
251.93621810905458,0,0
252.08479239619817,0,0
252.23336668334173,0,0
252.3819409704853,1,0
252.53051525762888,0,0
252.67908954477244,0,0
252.82766383191603,0,0
252.9762381190596,0,0
253.12481240620315,0,0
253.27338669334674,0,0
253.4219609804903,0,0
253.5705352676339,0,0
253.71910955477745,0,0
253.867683841921,0,0
254.0162581290646,1,0
254.16483241620816,1,0
254.31340670335175,1,0
254.4619809904953,0,0
254.61055527763887,0,0
254.75912956478246,0,0
254.90770385192602,0,0
255.0562781390696,0,0
255.20485242621317,0,0
255.35342671335673,0,0
255.50200100050031,0,0
255.65057528764387,0,0
255.79914957478746,0,0
255.94772386193102,0,0
256.09629814907464,0,0
256.2448724362182,0,0
256.39344672336176,0,0
256.5420210105053,0,0
256.6905952976489,0,0
256.83916958479244,0,0
256.98774387193606,0,0
257.1363181590796,0,0
257.2848924462232,0,0
257.43346673336674,0,0
257.58204102051036,0,0
257.7306153076539,0,0
257.8791895947975,0,0
258.02776388194104,0,0
258.1763381690846,0,0
258.32491245622816,0,0
258.4734867433718,0,0
258.62206103051534,1,0
258.7706353176589,0,0
258.91920960480246,0,0
259.067783891946,0,0
259.2163581790896,0,0
259.3649324662332,0,0
259.51350675337676,0,0
259.6620810405203,0,0
259.8106553276639,0,0
259.95922961480744,0,0
260.107803901951,0,0
260.2563781890946,0,0
260.4049524762382,0,0
260.55352676338174,0,0
260.7021010505253,0,0
260.8506753376689,0,0
260.9992496248125,0,0
261.14782391195604,0,0
261.2963981990996,0,0
261.44497248624316,0,0
261.5935467733867,0,0
261.74212106053034,0,0
261.8906953476739,0,0
262.03926963481746,0,0
262.187843921961,0,0
262.33641820910464,0,0
262.4849924962482,0,0
262.63356678339176,0,0
262.7821410705353,0,0
262.9307153576789,0,0
263.07928964482244,0,0
263.22786393196606,0,0
263.3764382191096,0,0
263.5250125062532,0,0
263.67358679339674,0,0
263.82216108054035,0,0
263.9707353676839,0,0
264.1193096548275,0,0
264.26788394197104,0,0
264.4164582291146,0,0
264.56503251625816,0,0
264.7136068034018,0,0
264.86218109054533,0,0
265.0107553776889,0,0
265.15932966483246,0,0
265.3079039519761,2,0
265.45647823911963,0,0
265.6050525262632,0,0
265.75362681340675,0,0
265.9022011005503,0,0
266.0507753876939,0,0
266.1993496748375,0,0
266.34792396198105,0,0
266.4964982491246,0,0
266.6450725362682,1,0
266.7936468234118,0,0
266.94222111055535,0,0
267.0907953976989,0,0
267.2393696848425,0,0
267.38794397198603,0,0
267.5365182591296,0,0
267.6850925462732,0,0
267.83366683341677,0,0
267.98224112056033,0,0
268.1308154077039,0,0
268.2793896948475,0,0
268.42796398199107,0,0
268.57653826913463,0,0
268.7251125562782,0,0
268.87368684342175,0,0
269.0222611305653,0,0
269.17083541770893,0,0
269.3194097048525,0,0
269.46798399199605,0,0
269.6165582791396,0,0
269.7651325662832,0,0
269.9137068534268,0,0
270.06228114057035,0,0
270.2108554277139,0,0
270.35942971485747,0,0
270.50800400200103,0,0
270.65657828914465,0,0
270.8051525762882,1,0
270.95372686343177,0,0
271.10230115057533,0,0
271.25087543771895,0,0
271.3994497248625,0,0
271.54802401200607,0,0
271.6965982991496,0,0
271.8451725862932,0,0
271.99374687343675,0,0
272.14232116058037,0,0
272.2908954477239,1,0
272.4394697348675,0,0
272.58804402201105,0,0
272.73661830915466,1,0
272.8851925962982,0,0
273.0337668834418,0,0
273.18234117058535,0,0
273.3309154577289,0,0
273.47948974487247,0,0
273.6280640320161,0,0
273.77663831915964,0,0
273.9252126063032,0,0
274.07378689344677,0,0
274.2223611805904,0,0
274.37093546773394,0,0
274.5195097548775,0,0
274.66808404202106,0,0
274.8166583291646,0,0
274.9652326163082,0,0
275.1138069034518,0,0
275.26238119059536,1,0
275.4109554777389,0,0
275.5595297648825,1,0
275.7081040520261,0,0
275.85667833916966,0,0
276.0052526263132,0,0
276.1538269134568,0,0
276.30240120060034,0,0
276.4509754877439,0,0
276.5995497748875,0,0
276.7481240620311,0,0
276.89669834917464,0,0
277.0452726363182,1,0
277.1938469234618,0,0
277.3424212106054,0,0
277.49099549774894,0,0
277.6395697848925,0,0
277.78814407203606,0,0
277.9367183591796,0,0
278.08529264632324,0,0
278.2338669334668,0,0
278.38244122061036,0,0
278.5310155077539,0,0
278.67958979489754,0,0
278.8281640820411,0,0
278.97673836918466,0,0
279.1253126563282,0,0
279.2738869434718,0,0
279.42246123061534,0,0
279.57103551775896,0,0
279.7196098049025,0,0
279.8681840920461,0,0
280.01675837918964,0,0
280.16533266633326,0,0
280.3139069534768,0,0
280.4624812406204,0,0
280.61105552776394,0,0
280.7596298149075,0,0
280.90820410205106,0,0
281.0567783891947,0,0
281.20535267633824,0,0
281.3539269634818,0,0
281.50250125062536,0,0
281.651075537769,0,0
281.79964982491254,0,0
281.9482241120561,0,0
282.09679839919966,0,0
282.2453726863432,1,0
282.3939469734868,0,0
282.5425212606304,0,0
282.69109554777395,0,0
282.8396698349175,0,0
282.9882441220611,0,0
283.1368184092047,0,0
283.28539269634825,0,0
283.4339669834918,0,0
283.5825412706354,0,0
283.73111555777893,0,0
283.8796898449225,0,0
284.0282641320661,0,0
284.1768384192097,1,0
284.32541270635323,0,0
284.4739869934968,0,0
284.6225612806404,0,0
284.771135567784,0,0
284.91970985492753,0,0
285.0682841420711,0,0
285.21685842921465,0,0
285.3654327163582,0,0
285.51400700350183,0,0
285.6625812906454,0,0
285.81115557778895,0,0
285.9597298649325,0,0
286.10830415207613,0,0
286.2568784392197,0,0
286.40545272636325,0,0
286.5540270135068,0,0
286.7026013006504,0,0
286.85117558779393,0,0
286.99974987493755,0,0
287.1483241620811,0,0
287.29689844922467,0,0
287.44547273636823,0,0
287.59404702351185,0,0
287.7426213106554,0,0
287.89119559779897,0,0
288.03976988494253,1,0
288.1883441720861,0,0
288.33691845922965,0,0
288.48549274637327,1,0
288.6340670335168,0,0
288.7826413206604,0,0
288.93121560780395,0,0
289.07978989494757,0,0
289.2283641820911,0,0
289.3769384692347,0,0
289.52551275637825,0,0
289.6740870435218,0,0
289.82266133066537,0,0
289.971235617809,0,0
290.11980990495255,0,0
290.2683841920961,0,0
290.41695847923967,0,0
290.5655327663833,0,0
290.71410705352685,0,0
290.8626813406704,0,0
291.01125562781397,0,0
291.1598299149575,0,0
291.3084042021011,0,0
291.4569784892447,0,0
291.60555277638827,1,0
291.7541270635318,0,0
291.9027013506754,0,0
292.051275637819,0,0
292.19984992496256,0,0
292.3484242121061,1,0
292.4969984992497,0,0
292.64557278639325,0,0
292.7941470735368,0,0
292.9427213606804,1,0
293.091295647824,0,0
293.23986993496754,0,0
293.3884442221111,0,0
293.5370185092547,0,0
293.6855927963983,0,0
293.83416708354184,0,0
293.9827413706854,1,0
294.13131565782896,0,0
294.2798899449725,1,0
294.42846423211614,0,0
294.5770385192597,0,0
294.72561280640326,0,0
294.8741870935468,0,0
295.02276138069044,0,0
295.171335667834,0,0
295.31990995497756,0,0
295.4684842421211,0,0
295.6170585292647,0,0
295.76563281640824,0,0
295.91420710355186,1,0
296.0627813906954,0,0
296.211355677839,0,0
296.35992996498254,0,0
296.50850425212616,0,0
296.6570785392697,0,0
296.8056528264133,0,0
296.95422711355684,0,0
297.1028014007004,0,0
297.25137568784396,0,0
297.3999499749876,0,0
297.54852426213114,0,0
297.6970985492747,0,0
297.84567283641826,0,0
297.9942471235619,0,0
298.14282141070544,0,0
298.291395697849,0,0
298.43996998499256,0,0
298.5885442721361,0,0
298.7371185592797,0,0
298.8856928464233,0,0
299.03426713356686,0,0
299.1828414207104,0,0
299.331415707854,0,0
299.4799899949976,0,0
299.62856428214116,7,0
299.7771385692847,145,0
299.9257128564283,20,0
