pulseheight,counts_ch_A,counts_ch_B
3.0742871435717865,0,0
3.2228614307153585,0,0
3.37143571785893,0,0
3.5200100050025016,0,0
3.6685842921460736,0,0
3.8171585792896456,0,0
3.965732866433217,0,0
4.114307153576789,0,0
4.262881440720362,0,0
4.411455727863933,0,0
4.560030015007504,0,0
4.708604302151077,0,0
4.857178589294648,0,0
5.005752876438221,0,0
5.154327163581792,0,0
5.302901450725363,0,0
5.451475737868936,0,0
5.600050025012507,0,0
5.748624312156079,0,0
5.897198599299651,0,0
6.045772886443222,0,0
6.194347173586795,0,0
6.342921460730366,0,0
6.491495747873938,0,0
6.64007003501751,0,0
6.7886443221610815,0,0
6.937218609304654,0,0
7.0857928964482255,0,0
7.2343671835917975,0,0
7.3829414707353695,0,0
7.531515757878941,0,0
7.680090045022513,0,0
7.828664332166085,0,0
7.977238619309657,0,0
8.125812906453229,0,0
8.2743871935968,0,0
8.422961480740373,0,0
8.571535767883944,0,0
8.720110055027515,0,0
8.868684342171086,0,0
9.017258629314659,0,0
9.165832916458232,0,0
9.314407203601803,0,0
9.462981490745374,0,0
9.611555777888945,2,0
9.760130065032518,13,0
9.908704352176091,677,0
10.057278639319662,853,0
10.205852926463233,788,0
10.354427213606805,825,0
10.503001500750377,785,0
10.65157578789395,800,0
10.800150075037521,782,0
10.948724362181093,768,0
11.097298649324664,805,0
11.245872936468235,780,0
11.394447223611808,749,0
11.54302151075538,783,0
11.691595797898952,759,0
11.840170085042523,749,0
11.988744372186094,746,0
12.137318659329667,768,0
12.28589294647324,757,0
12.434467233616811,764,0
12.583041520760382,744,0
12.731615807903953,658,0
12.880190095047526,707,0
13.028764382191099,716,0
13.17733866933467,753,0
13.325912956478241,720,0
13.474487243621812,736,0
13.623061530765385,715,0
13.771635817908958,751,0
13.92021010505253,689,0
14.0687843921961,758,0
14.217358679339672,692,0
14.365932966483244,785,0
14.514507253626816,716,0
14.663081540770389,740,0
14.81165582791396,728,0
14.96023011505753,696,0
15.108804402201104,705,0
15.257378689344675,784,0
15.405952976488248,838,0
15.554527263631819,810,0
15.70310155077539,863,0
15.851675837918963,848,0
16.000250125062536,908,0
16.148824412206107,863,0
16.297398699349678,935,0
16.445972986493253,851,0
16.59454727363682,931,0
16.743121560780395,860,0
16.891695847923966,943,0
17.040270135067537,882,0
17.188844422211112,902,0
17.33741870935468,828,0
17.485992996498254,889,0
17.634567283641825,811,0
17.783141570785396,891,0
17.93171585792897,802,0
18.08029014507254,789,0
18.228864432216113,721,0
18.377438719359684,673,0
18.526013006503256,713,0
18.67458729364683,720,0
18.823161580790398,720,0
18.971735867933972,658,0
19.12031015507754,661,0
19.268884442221115,694,0
19.417458729364686,641,0
19.566033016508257,621,0
19.71460730365183,630,0
19.8631815907954,836,0
20.011755877938974,588,0
20.160330165082545,569,0
20.308904452226116,585,0
20.45747873936969,547,0
20.60605302651326,595,0
20.754627313656833,559,0
20.903201600800404,528,0
21.051775887943975,519,0
21.20035017508755,531,0
21.348924462231118,503,0
21.497498749374692,523,0
21.646073036518263,466,0
21.794647323661835,508,0
21.94322161080541,507,0
22.091795897948977,499,0
22.24037018509255,438,0
22.388944472236123,464,0
22.537518759379694,438,0
22.68609304652327,463,0
22.834667333666836,435,0
22.98324162081041,450,0
23.131815907953982,429,0
23.280390195097553,447,0
23.428964482241128,407,0
23.577538769384695,427,0
23.72611305652827,451,0
23.87468734367184,419,0
24.023261630815412,393,0
24.171835917958987,420,0
24.320410205102554,444,0
24.46898449224613,387,0
24.6175587793897,420,0
24.76613306653327,374,0
24.914707353676846,394,0
25.063281640820414,383,0
25.211855927963988,418,0
25.360430215107556,355,0
25.50900450225113,400,0
25.657578789394705,366,0
25.806153076538273,366,0
25.954727363681847,335,0
26.103301650825415,363,0
26.25187593796899,366,0
26.400450225112564,368,0
26.549024512256132,340,0
26.697598799399707,353,0
26.846173086543274,339,0
26.99474737368685,382,0
27.143321660830424,318,0
27.29189594797399,358,0
27.440470235117566,339,0
27.589044522261133,334,0
27.737618809404708,333,0
27.886193096548283,313,0
28.03476738369185,338,0
28.183341670835425,317,0
28.331915957978993,352,0
28.480490245122567,339,0
28.629064532266142,322,0
28.77763881940971,311,0
28.926213106553284,291,0
29.07478739369685,277,0
29.223361680840426,337,0
29.371935967984,320,0
29.52051025512757,321,0
29.669084542271143,292,0
29.81765882941471,296,0
29.966233116558286,295,0
30.11480740370186,314,0
30.263381690845428,279,0
30.411955977989003,304,0
30.56053026513257,278,0
30.709104552276145,307,0
30.85767883941972,323,0
31.006253126563287,323,0
31.15482741370686,285,0
31.30340170085043,298,0
31.451975987994004,277,0
31.60055027513758,303,0
31.749124562281146,291,0
31.89769884942472,295,0
32.04627313656829,278,0
32.19484742371186,292,0
32.34342171085544,284,0
32.49199599799901,273,0
32.64057028514258,276,0
32.78914457228615,240,0
32.93771885942972,309,0
33.0862931465733,292,0
33.23486743371687,282,0
33.38344172086044,262,0
33.53201600800401,287,0
33.68059029514758,282,0
33.829164582291156,277,0
33.97773886943473,273,0
34.1263131565783,290,0
34.274887443721866,274,0
34.42346173086544,296,0
34.572036018009015,271,0
34.72061030515259,285,0
34.86918459229616,317,0
35.017758879439725,295,0
35.1663331665833,307,0
35.314907453726875,270,0
35.46348174087044,264,0
35.61205602801401,251,0
35.760630315157584,304,0
35.90920460230116,280,0
36.057778889444734,319,0
36.2063531765883,257,0
36.35492746373187,257,0
36.503501750875444,280,0
36.65207603801902,292,0
36.80065032516259,277,0
36.94922461230616,282,0
37.09779889944973,248,0
37.2463731865933,318,0
37.39494747373688,269,0
37.54352176088045,284,0
37.69209604802402,277,0
37.84067033516759,264,0
37.98924462231116,289,0
38.13781890945474,267,0
38.28639319659831,253,0
38.43496748374188,287,0
38.58354177088545,256,0
38.73211605802902,313,0
38.880690345172596,259,0
39.02926463231617,266,0
39.17783891945974,285,0
39.326413206603306,279,0
39.47498749374688,273,0
39.623561780890455,278,0
39.77213606803403,295,0
39.9207103551776,248,0
40.069284642321165,275,0
40.21785892946474,261,0
40.366433216608314,269,0
40.51500750375189,277,0
40.663581790895456,258,0
40.812156078039024,288,0
40.9607303651826,275,0
41.10930465232617,229,0
41.25787893946975,253,0
41.406453226613316,254,0
41.55502751375688,308,0
41.70360180090046,267,0
41.85217608804403,292,0
42.00075037518761,289,0
42.149324662331175,270,0
42.29789894947474,265,0
42.44647323661832,265,0
42.59504752376189,285,0
42.743621810905466,298,0
42.892196098049034,272,0
43.0407703851926,253,0
43.189344672336176,246,0
43.33791895947975,299,0
43.486493246623326,304,0
43.63506753376689,297,0
43.78364182091046,288,0
43.932216108054035,240,0
44.08079039519761,283,0
44.229364682341185,246,0
44.37793896948475,257,0
44.52651325662832,243,0
44.675087543771895,273,0
44.82366183091547,249,0
44.972236118059044,263,0
45.12081040520261,251,0
45.26938469234618,307,0
45.417958979489754,283,0
45.56653326663333,282,0
45.7151075537769,296,0
45.86368184092047,270,0
46.01225612806404,259,0
46.16083041520761,282,0
46.30940470235119,284,0
46.45797898949476,280,0
46.60655327663833,249,0
46.7551275637819,245,0
46.90370185092547,283,0
47.05227613806905,274,0
47.20085042521262,292,0
47.34942471235619,279,0
47.49799899949976,287,0
47.64657328664333,317,0
47.795147573786906,274,0
47.943721860930474,255,0
48.09229614807405,275,0
48.240870435217616,255,0
48.38944472236119,324,0
48.538019009504765,265,0
48.68659329664833,292,0
48.83516758379191,252,0
48.983741870935475,272,0
49.13231615807905,258,0
49.280890445222624,272,0
49.42946473236619,263,0
49.57803901950977,305,0
49.726613306653334,288,0
49.87518759379691,279,0
50.023761880940484,263,0
50.17233616808405,310,0
50.320910455227626,290,0
50.46948474237119,276,0
50.61805902951477,265,0
50.76663331665834,284,0
50.91520760380191,277,0
51.063781890945485,291,0
51.21235617808905,291,0
51.36093046523263,257,0
51.5095047523762,307,0
51.65807903951977,264,0
51.806653326663344,297,0
51.95522761380691,268,0
52.10380190095049,271,0
52.25237618809406,285,0
52.40095047523763,329,0
52.5495247623812,293,0
52.69809904952477,289,0
52.846673336668346,268,0
52.99524762381192,298,0
53.14382191095549,264,0
53.29239619809906,305,0
53.44097048524263,267,0
53.589544772386205,296,0
53.73811905952978,294,0
53.88669334667335,293,0
54.03526763381692,280,0
54.18384192096049,299,0
54.332416208104064,297,0
54.48099049524764,281,0
54.629564782391206,273,0
54.77813906953478,287,0
54.92671335667835,292,0
55.07528764382192,328,0
55.2238619309655,288,0
55.372436218109065,290,0
55.52101050525264,305,0
55.66958479239621,289,0
55.81815907953978,305,0
55.96673336668336,300,0
56.115307653826925,307,0
56.2638819409705,303,0
56.41245622811407,328,0
56.56103051525764,286,0
56.709604802401216,315,0
56.858179089544784,293,0
57.00675337668836,309,0
57.155327663831926,294,0
57.3039019509755,361,0
57.452476238119075,297,0
57.60105052526264,319,0
57.74962481240622,313,0
57.898199099549785,334,0
58.04677338669336,348,0
58.195347673836935,339,0
58.3439219609805,356,0
58.49249624812408,326,0
58.641070535267644,317,0
58.78964482241122,341,0
58.938219109554794,311,0
59.08679339669836,337,0
59.235367683841936,341,0
59.383941970985504,310,0
59.53251625812908,347,0
59.68109054527265,282,0
59.82966483241622,408,0
59.978239119559795,359,0
60.12681340670336,360,0
60.27538769384694,339,0
60.42396198099051,367,0
60.57253626813408,340,0
60.72111055527765,331,0
60.86968484242122,321,0
61.0182591295648,362,0
61.16683341670837,329,0
61.31540770385194,369,0
61.46398199099551,322,0
61.61255627813908,368,0
61.761130565282656,330,0
61.90970485242623,310,0
62.0582791395698,330,0
62.206853426713366,335,0
62.35542771385694,330,0
62.504002001000515,344,0
62.65257628814409,360,0
62.80115057528766,328,0
62.949724862431225,363,0
63.0982991495748,345,0
63.246873436718374,334,0
63.39544772386195,359,0
63.54402201100552,357,0
63.692596298149084,325,0
63.84117058529266,340,0
63.98974487243623,321,0
64.13831915957981,336,0
64.28689344672338,330,0
64.43546773386694,342,0
64.58404202101053,321,0
64.73261630815409,366,0
64.88119059529767,361,0
65.02976488244124,347,0
65.1783391695848,344,0
65.32691345672839,313,0
65.47548774387195,293,0
65.62406203101553,334,0
65.7726363181591,315,0
65.92121060530266,270,0
66.06978489244625,308,0
66.21835917958981,300,0
66.36693346673339,292,0
66.51550775387696,264,0
66.66408204102052,300,0
66.81265632816411,265,0
66.96123061530767,296,0
67.10980490245123,270,0
67.25837918959482,253,0
67.40695347673838,250,0
67.55552776388195,249,0
67.70410205102553,266,0
67.85267633816909,286,0
68.00125062531268,241,0
68.14982491245624,217,0
68.29839919959981,261,0
68.44697348674339,256,0
68.59554777388695,223,0
68.74412206103054,252,0
68.8926963481741,206,0
69.04127063531767,221,0
69.18984492246125,217,0
69.33841920960481,229,0
69.4869934967484,216,0
69.63556778389196,213,0
69.78414207103553,238,0
69.9327163581791,228,0
70.08129064532267,221,0
70.22986493246626,217,0
70.37843921960982,209,0
70.52701350675339,214,0
70.67558779389697,216,0
70.82416208104053,212,0
70.97273636818412,217,0
71.12131065532768,199,0
71.26988494247125,208,0
71.41845922961483,210,0
71.56703351675839,215,0
71.71560780390197,224,0
71.86418209104554,217,0
72.01275637818911,180,0
72.16133066533268,217,0
72.30990495247624,214,0
72.45847923961983,265,0
72.6070535267634,194,0
72.75562781390697,232,0
72.90420210105054,215,0
73.0527763881941,247,0
73.2013506753377,204,0
73.34992496248125,199,0
73.49849924962483,162,0
73.6470735367684,216,0
73.79564782391196,193,0
73.94422211105555,197,0
74.09279639819911,210,0
74.24137068534269,209,0
74.38994497248626,203,0
74.53851925962982,191,0
74.68709354677341,154,0
74.83566783391697,169,0
74.98424212106055,203,0
75.13281640820412,171,0
75.28139069534768,186,0
75.42996498249127,177,0
75.57853926963483,170,0
75.7271135567784,183,0
75.87568784392198,196,0
76.02426213106554,167,0
76.17283641820913,197,0
76.32141070535269,194,0
76.46998499249626,176,0
76.61855927963984,165,0
76.7671335667834,181,0
76.91570785392699,183,0
77.06428214107055,232,0
77.21285642821412,202,0
77.3614307153577,212,0
77.51000500250126,194,0
77.65857928964485,213,0
77.80715357678841,251,0
77.95572786393198,263,0
78.10430215107556,259,0
78.25287643821912,246,0
78.40145072536271,264,0
78.55002501250627,288,0
78.69859929964984,338,0
78.84717358679342,334,0
78.99574787393698,408,0
79.14432216108057,342,0
79.29289644822413,440,0
79.4414707353677,396,0
79.59004502251128,505,0
79.73861930965484,508,0
79.88719359679843,499,0
80.03576788394199,503,0
80.18434217108556,589,0
80.33291645822914,583,0
80.4814907453727,629,0
80.63006503251628,560,0
80.77863931965985,681,0
80.92721360680342,650,0
81.075787893947,746,0
81.22436218109056,671,0
81.37293646823414,673,0
81.5215107553777,716,0
81.67008504252128,741,0
81.81865932966485,720,0
81.96723361680841,741,0
82.115807903952,658,0
82.26438219109556,707,0
82.41295647823914,734,0
82.56153076538271,642,0
82.71010505252627,673,0
82.85867933966986,621,0
83.00725362681342,626,0
83.155827913957,578,0
83.30440220110057,599,0
83.45297648824413,525,0
83.60155077538772,516,0
83.75012506253128,462,0
83.89869934967486,559,0
84.04727363681843,419,0
84.19584792396199,436,0
84.34442221110558,370,0
84.49299649824914,350,0
84.64157078539272,319,0
84.79014507253629,289,0
84.93871935967985,274,0
85.08729364682344,275,0
85.235867933967,213,0
85.38444222111058,225,0
85.53301650825415,202,0
85.68159079539771,176,0
85.8301650825413,154,0
85.97873936968486,149,0
86.12731365682843,132,0
86.27588794397201,118,0
86.42446223111557,104,0
86.57303651825916,134,0
86.72161080540272,101,0
86.8701850925463,119,0
87.01875937968987,100,0
87.16733366683343,89,0
87.31590795397702,114,0
87.46448224112058,110,0
87.61305652826415,75,0
87.76163081540773,92,0
87.91020510255129,115,0
88.05877938969488,116,0
88.20735367683844,138,0
88.35592796398201,136,0
88.50450225112559,130,0
88.65307653826915,169,0
88.80165082541274,194,0
88.9502251125563,163,0
89.09879939969987,211,0
89.24737368684345,209,0
89.395947973987,210,0
89.5445222611306,249,0
89.69309654827416,257,0
89.84167083541773,294,0
89.9902451225613,306,0
90.13881940970487,313,0
90.28739369684845,348,0
90.43596798399201,389,0
90.58454227113559,372,0
90.73311655827916,388,0
90.88169084542272,391,0
91.03026513256631,455,0
91.17883941970987,439,0
91.32741370685345,514,0
91.47598799399702,489,0
91.62456228114058,545,0
91.77313656828417,473,0
91.92171085542773,566,0
92.0702851425713,506,0
92.21885942971488,571,0
92.36743371685844,545,0
92.51600800400203,595,0
92.66458229114559,545,0
92.81315657828915,576,0
92.96173086543274,515,0
93.1103051525763,535,0
93.25887943971989,532,0
93.40745372686345,546,0
93.55602801400701,528,0
93.7046023011506,505,0
93.85317658829416,482,0
94.00175087543775,468,0
94.15032516258131,526,0
94.29889944972487,407,0
94.44747373686846,403,0
94.59604802401202,383,0
94.74462231115561,386,0
94.89319659829917,357,0
95.04177088544273,347,0
95.19034517258632,317,0
95.33891945972988,319,0
95.48749374687347,242,0
95.63606803401703,291,0
95.78464232116059,211,0
95.93321660830418,221,0
96.08179089544774,188,0
96.23036518259133,201,0
96.37893946973489,146,0
96.52751375687845,167,0
96.67608804402204,137,0
96.8246623311656,133,0
96.97323661830919,119,0
97.12181090545275,77,0
97.27038519259631,85,0
97.4189594797399,72,0
97.56753376688346,58,0
97.71610805402705,68,0
97.8646823411706,56,0
98.01325662831417,52,0
98.16183091545776,55,0
98.31040520260132,42,0
98.4589794897449,35,0
98.60755377688847,20,0
98.75612806403203,33,0
98.90470235117562,28,0
99.05327663831918,28,0
99.20185092546276,22,0
99.35042521260632,15,0
99.49899949974989,17,0
99.64757378689347,15,0
99.79614807403703,10,0
99.94472236118062,18,0
100.09329664832418,16,0
100.24187093546774,9,0
100.39044522261133,7,0
100.5390195097549,19,0
100.68759379689848,5,0
100.83616808404204,17,0
100.9847423711856,9,0
101.13331665832919,15,0
101.28189094547275,12,0
101.43046523261634,14,0
101.5790395197599,7,0
101.72761380690346,6,0
101.87618809404705,9,0
102.02476238119061,5,0
102.1733366683342,11,0
102.32191095547776,7,0
102.47048524262132,10,0
102.61905952976491,7,0
102.76763381690847,12,0
102.91620810405206,14,0
103.06478239119562,8,0
103.21335667833918,8,0
103.36193096548277,7,0
103.51050525262633,11,0
103.65907953976992,7,0
103.80765382691348,7,0
103.95622811405704,15,0
104.10480240120063,2,0
104.25337668834419,10,0
104.40195097548778,6,0
104.55052526263134,3,0
104.6990995497749,4,0
104.84767383691849,5,0
104.99624812406205,4,0
105.14482241120564,5,0
105.2933966983492,4,0
105.44197098549276,1,0
105.59054527263635,4,0
105.73911955977991,4,0
105.8876938469235,4,0
106.03626813406706,3,0
106.18484242121062,1,0
106.3334167083542,1,0
106.48199099549777,9,0
106.63056528264136,3,0
106.77913956978492,3,0
106.92771385692848,2,0
107.07628814407207,6,0
107.22486243121563,3,0
107.37343671835922,5,0
107.52201100550278,0,0
107.67058529264634,3,0
107.81915957978993,3,0
107.96773386693349,1,0
108.11630815407707,5,0
108.26488244122064,5,0
108.4134567283642,3,0
108.56203101550778,2,0
108.71060530265135,4,0
108.85917958979493,4,0
109.0077538769385,3,0
109.15632816408205,3,0
109.30490245122564,5,0
109.4534767383692,4,0
109.6020510255128,2,0
109.75062531265635,1,0
109.89919959979991,4,0
110.0477738869435,0,0
110.19634817408706,5,0
110.34492246123065,5,0
110.49349674837421,4,0
110.64207103551777,3,0
110.79064532266136,5,0
110.93921960980492,1,0
111.08779389694851,2,0
111.23636818409207,2,0
111.38494247123563,1,0
111.53351675837922,3,0
111.68209104552278,3,0
111.83066533266637,1,0
111.97923961980993,5,0
112.12781390695349,2,0
112.27638819409708,4,0
112.42496248124064,3,0
112.57353676838423,4,0
112.72211105552779,2,0
112.87068534267135,3,0
113.01925962981494,0,0
113.1678339169585,4,0
113.31640820410209,3,0
113.46498249124565,4,0
113.61355677838921,0,0
113.7621310655328,5,0
113.91070535267636,1,0
114.05927963981995,0,0
114.20785392696351,4,0
114.35642821410707,2,0
114.50500250125066,5,0
114.65357678839422,1,0
114.80215107553781,2,0
114.95072536268137,1,0
115.09929964982493,1,0
115.24787393696852,2,0
115.39644822411208,2,0
115.54502251125567,2,0
115.69359679839923,1,0
115.84217108554279,2,0
115.99074537268638,5,0
116.13931965982994,2,0
116.28789394697353,1,0
116.43646823411709,0,0
116.58504252126065,3,0
116.73361680840424,2,0
116.8821910955478,2,0
117.03076538269138,2,0
117.17933966983495,2,0
117.3279139569785,2,0
117.4764882441221,1,0
117.62506253126566,3,0
117.77363681840923,1,0
117.9222111055528,1,0
118.07078539269637,2,0
118.21935967983995,2,0
118.36793396698351,4,0
118.51650825412709,6,0
118.66508254127066,2,0
118.81365682841422,4,0
118.96223111555781,0,0
119.11080540270137,5,0
119.25937968984495,2,0
119.40795397698852,1,0
119.55652826413208,3,0
119.70510255127567,3,0
119.85367683841923,3,0
120.00225112556281,3,0
120.15082541270638,2,0
120.29939969984994,7,0
120.44797398699353,2,0
120.59654827413709,2,0
120.74512256128067,1,0
120.89369684842424,3,0
121.0422711355678,2,0
121.19084542271139,1,0
121.33941970985495,0,0
121.48799399699853,1,0
121.6365682841421,4,0
121.78514257128566,2,0
121.93371685842925,4,0
122.08229114557281,2,0
122.23086543271639,1,0
122.37943971985996,3,0
122.52801400700352,4,0
122.67658829414711,4,0
122.82516258129067,3,0
122.97373686843424,1,0
123.12231115557782,1,0
123.27088544272138,0,0
123.41945972986497,1,0
123.56803401700853,1,0
123.7166083041521,5,0
123.86518259129568,1,0
124.01375687843924,0,0
124.16233116558283,0,0
124.31090545272639,3,0
124.45947973986996,1,0
124.60805402701354,2,0
124.7566283141571,3,0
124.90520260130069,1,0
125.05377688844425,2,0
125.20235117558782,2,0
125.3509254627314,4,0
125.49949974987496,2,0
125.64807403701855,2,0
125.7966483241621,1,0
125.94522261130568,3,0
126.09379689844926,1,0
126.24237118559282,2,0
126.3909454727364,3,0
126.53951975987997,2,0
126.68809404702354,5,0
126.83666833416711,9,0
126.98524262131068,3,0
127.13381690845426,1,0
127.28239119559782,2,0
127.4309654827414,1,0
127.57953976988497,0,0
127.72811405702853,3,0
127.87668834417212,1,0
128.02526263131568,5,0
128.17383691845927,1,0
128.32241120560283,0,0
128.47098549274642,2,0
128.61955977988998,1,0
128.76813406703354,2,0
128.91670835417713,3,0
129.0652826413207,3,0
129.21385692846428,1,0
129.36243121560784,0,0
129.5110055027514,1,0
129.659579789895,0,0
129.80815407703855,2,0
129.95672836418214,5,0
130.1053026513257,1,0
130.25387693846926,3,0
130.40245122561285,1,0
130.5510255127564,2,0
130.6995997999,3,0
130.84817408704356,1,0
130.99674837418712,5,0
131.14532266133068,1,0
131.29389694847427,0,0
131.44247123561783,1,0
131.59104552276142,1,0
131.73961980990498,3,0
131.88819409704854,2,0
132.03676838419213,2,0
132.1853426713357,1,0
132.33391695847928,0,0
132.48249124562284,2,0
132.6310655327664,2,0
132.77963981991,2,0
132.92821410705355,0,0
133.07678839419714,4,0
133.2253626813407,2,0
133.37393696848426,2,0
133.52251125562785,3,0
133.6710855427714,3,0
133.819659829915,2,0
133.96823411705856,0,0
134.11680840420212,3,0
134.2653826913457,1,0
134.41395697848927,2,0
134.56253126563286,1,0
134.71110555277642,0,0
134.85967983991998,3,0
135.00825412706357,3,0
135.15682841420713,0,0
135.30540270135072,1,0
135.45397698849428,0,0
135.60255127563784,0,0
135.75112556278143,2,0
135.89969984992499,4,0
136.04827413706857,1,0
136.19684842421213,0,0
136.3454227113557,2,0
136.49399699849928,2,0
136.64257128564284,2,0
136.79114557278643,2,0
136.93971985993,2,0
137.08829414707355,1,0
137.23686843421714,0,0
137.3854427213607,0,0
137.5340170085043,2,0
137.68259129564785,1,0
137.8311655827914,2,0
137.979739869935,3,0
138.12831415707856,0,0
138.27688844422215,3,0
138.4254627313657,1,0
138.57403701850927,0,0
138.72261130565286,0,0
138.87118559279642,2,0
139.01975987994,4,0
139.16833416708357,2,0
139.31690845422713,0,0
139.46548274137072,0,0
139.61405702851428,1,0
139.76263131565787,4,0
139.91120560280143,3,0
140.059779889945,1,0
140.20835417708858,1,0
140.35692846423214,2,0
140.50550275137573,2,0
140.6540770385193,4,0
140.80265132566285,1,0
140.95122561280644,7,0
141.09979989995,3,0
141.2483741870936,2,0
141.39694847423715,3,0
141.5455227613807,3,0
141.6940970485243,2,0
141.84267133566786,2,0
141.99124562281145,4,0
142.139819909955,2,0
142.28839419709857,2,0
142.43696848424216,1,0
142.58554277138572,0,0
142.7341170585293,3,0
142.88269134567287,2,0
143.03126563281643,2,0
143.17983991996002,0,0
143.32841420710358,2,0
143.47698849424717,0,0
143.62556278139073,2,0
143.7741370685343,0,0
143.92271135567788,0,0
144.07128564282144,3,0
144.21985992996503,2,0
144.3684342171086,1,0
144.51700850425215,2,0
144.66558279139574,3,0
144.8141570785393,1,0
144.96273136568288,4,0
145.11130565282645,0,0
145.25987993997,1,0
145.4084542271136,1,0
145.55702851425715,3,0
145.70560280140074,2,0
145.8541770885443,3,0
146.00275137568786,2,0
146.15132566283145,6,0
146.299899949975,5,0
146.4484742371186,1,0
146.59704852426216,3,0
146.74562281140572,4,0
146.8941970985493,5,0
147.04277138569287,1,0
147.19134567283646,2,0
147.33991995998002,0,0
147.48849424712358,1,0
147.63706853426717,2,0
147.78564282141073,2,0
147.93421710855432,3,0
148.08279139569788,1,0
148.23136568284144,2,0
148.37993996998503,2,0
148.5285142571286,4,0
148.67708854427218,5,0
148.82566283141574,2,0
148.9742371185593,1,0
149.1228114057029,1,0
149.27138569284645,1,0
149.41995997999004,3,0
149.5685342671336,1,0
149.71710855427716,1,0
149.86568284142075,0,0
150.0142571285643,1,0
150.1628314157079,2,0
150.31140570285146,2,0
150.45997998999502,0,0
150.6085542771386,1,0
150.75712856428217,1,0
150.90570285142576,1,0
151.05427713856932,2,0
151.20285142571288,2,0
151.35142571285647,0,0
151.50000000000003,3,0
151.64857428714362,2,0
151.79714857428718,0,0
151.94572286143074,1,0
152.09429714857433,3,0
152.2428714357179,1,0
152.39144572286148,0,0
152.54002001000504,1,0
152.6885942971486,0,0
152.8371685842922,2,0
152.98574287143575,3,0
153.13431715857934,1,0
153.2828914457229,1,0
153.43146573286646,2,0
153.58004002001005,2,0
153.7286143071536,3,0
153.8771885942972,0,0
154.02576288144076,2,0
154.17433716858432,3,0
154.3229114557279,4,0
154.47148574287147,1,0
154.62006003001505,1,0
154.76863431715861,0,0
154.91720860430217,1,0
155.06578289144576,1,0
155.21435717858932,2,0
155.3629314657329,0,0
155.51150575287647,4,0
155.66008004002003,1,0
155.80865432716362,1,0
155.95722861430718,0,0
156.10580290145077,1,0
156.25437718859433,0,0
156.4029514757379,1,0
156.55152576288148,1,0
156.70010005002504,1,0
156.84867433716863,0,0
156.9972486243122,1,0
157.14582291145575,0,0
157.29439719859934,2,0
157.4429714857429,0,0
157.5915457728865,1,0
157.74012006003005,0,0
157.8886943471736,0,0
158.0372686343172,0,0
158.18584292146076,2,0
158.33441720860435,2,0
158.4829914957479,1,0
158.63156578289147,0,0
158.78014007003506,0,0
158.92871435717862,0,0
159.0772886443222,0,0
159.22586293146577,1,0
159.37443721860933,2,0
159.52301150575292,1,0
159.67158579289648,2,0
159.82016008004007,3,0
159.96873436718363,3,0
160.1173086543272,0,0
160.26588294147078,1,0
160.41445722861434,2,0
160.56303151575793,1,0
160.7116058029015,0,0
160.86018009004505,3,0
161.00875437718864,3,0
161.1573286643322,0,0
161.3059029514758,1,0
161.45447723861935,0,0
161.6030515257629,0,0
161.7516258129065,2,0
161.90020010005006,1,0
162.04877438719365,2,0
162.1973486743372,0,0
162.34592296148077,2,0
162.49449724862436,2,0
162.64307153576792,3,0
162.7916458229115,3,0
162.94022011005507,0,0
163.08879439719863,2,0
163.23736868434221,2,0
163.38594297148578,1,0
163.53451725862936,3,0
163.68309154577292,1,0
163.83166583291649,0,0
163.98024012006007,0,0
164.12881440720363,2,0
164.27738869434722,2,0
164.42596298149078,3,0
164.57453726863434,1,0
164.72311155577793,2,0
164.8716858429215,4,0
165.02026013006508,2,0
165.16883441720864,0,0
165.3174087043522,1,0
165.4659829914958,4,0
165.61455727863935,2,0
165.76313156578294,1,0
165.9117058529265,1,0
166.06028014007006,3,0
166.20885442721365,1,0
166.3574287143572,1,0
166.5060030015008,1,0
166.65457728864436,1,0
166.80315157578792,2,0
166.9517258629315,2,0
167.10030015007507,0,0
167.24887443721866,1,0
167.39744872436222,3,0
167.54602301150578,2,0
167.69459729864937,4,0
167.84317158579293,2,0
167.99174587293652,0,0
168.14032016008008,0,0
168.28889444722364,0,0
168.43746873436723,1,0
168.5860430215108,0,0
168.73461730865438,1,0
168.88319159579794,1,0
169.0317658829415,2,0
169.1803401700851,1,0
169.32891445722865,0,0
169.47748874437224,2,0
169.6260630315158,0,0
169.77463731865936,0,0
169.92321160580295,0,0
170.0717858929465,0,0
170.2203601800901,0,0
170.36893446723366,0,0
170.51750875437722,1,0
170.6660830415208,2,0
170.81465732866437,1,0
170.96323161580796,0,0
171.11180590295152,0,0
171.26038019009508,1,0
171.40895447723867,0,0
171.55752876438223,0,0
171.70610305152582,0,0
171.85467733866938,0,0
172.00325162581294,0,0
172.15182591295653,1,0
172.30040020010009,0,0
172.44897448724367,0,0
172.59754877438723,1,0
172.7461230615308,0,0
172.89469734867438,0,0
173.04327163581794,0,0
173.19184592296153,0,0
173.3404202101051,0,0
173.48899449724865,0,0
173.63756878439224,0,0
173.7861430715358,0,0
173.9347173586794,0,0
174.08329164582295,0,0
174.2318659329665,1,0
174.3804402201101,0,0
174.52901450725366,0,0
174.67758879439725,0,0
174.8261630815408,1,0
174.97473736868437,0,0
175.12331165582796,0,0
175.27188594297152,0,0
175.4204602301151,0,0
175.56903451725867,0,0
175.71760880440223,0,0
175.86618309154582,0,0
176.01475737868938,0,0
176.16333166583297,0,0
176.31190595297653,0,0
176.4604802401201,0,0
176.60905452726368,0,0
176.75762881440724,0,0
176.90620310155083,0,0
177.0547773886944,0,0
177.20335167583795,0,0
177.35192596298154,1,0
177.5005002501251,0,0
177.6490745372687,0,0
177.79764882441225,0,0
177.9462231115558,0,0
178.0947973986994,0,0
178.24337168584296,0,0
178.39194597298655,0,0
178.5405202601301,0,0
178.68909454727367,0,0
178.83766883441726,1,0
178.98624312156082,0,0
179.1348174087044,0,0
179.28339169584797,1,0
179.43196598299153,1,0
179.58054027013512,1,0
179.72911455727868,0,0
179.87768884442227,0,0
180.02626313156583,0,0
180.1748374187094,0,0
180.32341170585298,0,0
180.47198599299654,0,0
180.62056028014013,0,0
180.7691345672837,0,0
180.91770885442725,1,0
181.0662831415708,0,0
181.2148574287144,0,0
181.36343171585798,0,0
181.51200600300155,0,0
181.6605802901451,0,0
181.80915457728867,0,0
181.95772886443226,0,0
182.10630315157584,0,0
182.2548774387194,0,0
182.40345172586296,1,0
182.55202601300653,0,0
182.7006003001501,0,0
182.8491745872937,0,0
182.99774887443726,0,0
183.14632316158082,0,0
183.29489744872438,0,0
183.44347173586797,0,0
183.59204602301156,0,0
183.74062031015512,0,0
183.88919459729868,0,0
184.03776888444224,1,0
184.18634317158583,0,0
184.33491745872942,1,0
184.48349174587298,0,0
184.63206603301654,0,0
184.7806403201601,0,0
184.9292146073037,0,0
185.07778889444728,0,0
185.22636318159084,0,0
185.3749374687344,0,0
185.52351175587796,0,0
185.67208604302155,0,0
185.82066033016514,0,0
185.9692346173087,0,0
186.11780890445226,0,0
186.26638319159582,0,0
186.4149574787394,0,0
186.563531765883,0,0
186.71210605302656,0,0
186.86068034017012,0,0
187.00925462731368,0,0
187.15782891445727,0,0
187.30640320160086,0,0
187.45497748874442,0,0
187.60355177588798,0,0
187.75212606303154,0,0
187.90070035017513,0,0
188.04927463731872,0,0
188.19784892446228,0,0
188.34642321160584,0,0
188.4949974987494,0,0
188.643571785893,0,0
188.79214607303658,0,0
188.94072036018014,0,0
189.0892946473237,0,0
189.23786893446726,0,0
189.38644322161085,0,0
189.53501750875444,0,0
189.683591795898,0,0
189.83216608304156,0,0
189.98074037018512,0,0
190.1293146573287,0,0
190.2778889444723,0,0
190.42646323161586,1,0
190.57503751875942,0,0
190.72361180590298,0,0
190.87218609304657,0,0
191.02076038019015,1,0
191.16933466733371,0,0
191.31790895447728,0,0
191.46648324162084,1,0
191.61505752876442,0,0
191.763631815908,0,0
191.91220610305157,1,0
192.06078039019513,0,0
192.2093546773387,0,0
192.35792896448228,0,0
192.50650325162587,0,0
192.65507753876943,0,0
192.803651825913,0,0
192.95222611305655,0,0
193.10080040020014,0,0
193.24937468734373,0,0
193.3979489744873,0,0
193.54652326163085,0,0
193.6950975487744,0,0
193.843671835918,0,0
193.9922461230616,0,0
194.14082041020515,0,0
194.2893946973487,0,0
194.43796898449227,0,0
194.58654327163586,0,0
194.73511755877945,0,0
194.883691845923,0,0
195.03226613306657,0,0
195.18084042021013,0,0
195.32941470735372,1,0
195.4779889944973,0,0
195.62656328164087,0,0
195.77513756878443,0,0
195.923711855928,1,0
196.07228614307158,0,0
196.22086043021517,1,0
196.36943471735873,0,0
196.5180090045023,0,0
196.66658329164585,0,0
196.81515757878944,1,0
196.96373186593303,0,0
197.1123061530766,1,0
197.26088044022015,0,0
197.4094547273637,0,0
197.5580290145073,0,0
197.7066033016509,1,0
197.85517758879445,0,0
198.003751875938,1,0
198.15232616308157,1,0
198.30090045022516,0,0
198.44947473736875,0,0
198.5980490245123,0,0
198.74662331165587,0,0
198.89519759879943,0,0
199.04377188594302,0,0
199.1923461730866,0,0
199.34092046023017,0,0
199.48949474737373,0,0
199.6380690345173,0,0
199.78664332166088,0,0
199.93521760880446,0,0
200.08379189594802,0,0
200.23236618309159,0,0
200.38094047023515,0,0
200.52951475737873,0,0
200.67808904452232,0,0
200.82666333166588,0,0
200.97523761880944,0,0
201.123811905953,0,0
201.2723861930966,0,0
201.42096048024018,0,0
201.56953476738374,0,0
201.7181090545273,0,0
201.86668334167086,1,0
202.01525762881445,0,0
202.16383191595804,0,0
202.3124062031016,1,0
202.46098049024516,0,0
202.60955477738872,0,0
202.7581290645323,0,0
202.9067033516759,0,0
203.05527763881946,0,0
203.20385192596302,1,0
203.35242621310658,0,0
203.50100050025017,0,0
203.64957478739376,0,0
203.79814907453732,0,0
203.94672336168088,0,0
204.09529764882444,0,0
204.24387193596803,0,0
204.39244622311162,0,0
204.54102051025518,0,0
204.68959479739874,0,0
204.8381690845423,0,0
204.9867433716859,0,0
205.13531765882948,0,0
205.28389194597304,0,0
205.4324662331166,1,0
205.58104052026016,0,0
205.72961480740375,0,0
205.87818909454734,0,0
206.0267633816909,0,0
206.17533766883446,0,0
206.32391195597802,0,0
206.4724862431216,0,0
206.6210605302652,0,0
206.76963481740876,0,0
206.91820910455232,0,0
207.06678339169588,0,0
207.21535767883947,2,0
207.36393196598306,0,0
207.51250625312662,0,0
207.66108054027018,1,0
207.80965482741374,0,0
207.95822911455733,0,0
208.10680340170092,0,0
208.25537768884448,0,0
208.40395197598804,0,0
208.5525262631316,0,0
208.70110055027519,0,0
208.84967483741877,0,0
208.99824912456234,0,0
209.1468234117059,0,0
209.29539769884946,0,0
209.44397198599304,0,0
209.59254627313663,0,0
209.7411205602802,0,0
209.88969484742375,0,0
210.03826913456732,0,0
210.1868434217109,0,0
210.3354177088545,0,0
210.48399199599805,1,0
210.6325662831416,0,0
210.78114057028517,0,0
210.92971485742876,0,0
211.07828914457235,0,0
211.2268634317159,0,0
211.37543771885947,0,0
211.52401200600303,0,0
211.67258629314662,0,0
211.8211605802902,0,0
211.96973486743377,0,0
212.11830915457733,1,0
212.2668834417209,1,0
212.41545772886448,0,0
212.56403201600807,0,0
212.71260630315163,0,0
212.8611805902952,1,0
213.00975487743875,0,0
213.15832916458234,0,0
213.30690345172593,0,0
213.4554777388695,0,0
213.60405202601305,0,0
213.7526263131566,0,0
213.9012006003002,0,0
214.0497748874438,0,0
214.19834917458735,0,0
214.3469234617309,0,0
214.49549774887447,0,0
214.64407203601806,1,0
214.79264632316165,0,0
214.9412206103052,0,0
215.08979489744877,0,0
215.23836918459233,0,0
215.38694347173592,0,0
215.5355177588795,0,0
215.68409204602307,0,0
215.83266633316663,0,0
215.9812406203102,1,0
216.12981490745378,0,0
216.27838919459737,0,0
216.42696348174093,0,0
216.5755377688845,1,0
216.72411205602805,0,0
216.87268634317164,1,0
217.02126063031523,0,0
217.1698349174588,1,0
217.31840920460235,0,0
217.4669834917459,0,0
217.6155577788895,0,0
217.76413206603308,0,0
217.91270635317665,0,0
218.0612806403202,0,0
218.20985492746377,1,0
218.35842921460736,0,0
218.50700350175094,0,0
218.6555777888945,0,0
218.80415207603806,0,0
218.95272636318163,0,0
219.10130065032521,1,0
219.2498749374688,0,0
219.39844922461236,0,0
219.54702351175592,0,0
219.69559779889948,0,0
219.84417208604307,0,0
219.99274637318666,0,0
220.14132066033022,0,0
220.28989494747378,0,0
220.43846923461734,0,0
220.58704352176093,0,0
220.73561780890452,0,0
220.88419209604808,0,0
221.03276638319164,0,0
221.1813406703352,0,0
221.3299149574788,0,0
221.47848924462238,0,0
221.62706353176594,0,0
221.7756378189095,0,0
221.92421210605306,0,0
222.07278639319665,0,0
222.22136068034024,1,0
222.3699349674838,0,0
222.51850925462736,1,0
222.66708354177092,1,0
222.8156578289145,1,0
222.9642321160581,0,0
223.11280640320166,0,0
223.26138069034522,0,0
223.40995497748878,0,0
223.55852926463237,0,0
223.70710355177596,1,0
223.85567783891952,0,0
224.00425212606308,1,0
224.15282641320664,2,0
224.30140070035023,1,0
224.44997498749382,0,0
224.59854927463738,0,0
224.74712356178094,0,0
224.8956978489245,0,0
225.0442721360681,0,0
225.19284642321168,0,0
225.34142071035524,0,0
225.4899949974988,0,0
225.63856928464236,0,0
225.78714357178595,0,0
225.93571785892954,0,0
226.0842921460731,0,0
226.23286643321666,0,0
226.38144072036022,0,0
226.5300150075038,0,0
226.6785892946474,0,0
226.82716358179096,0,0
226.97573786893452,0,0
227.12431215607808,0,0
227.27288644322167,0,0
227.42146073036525,0,0
227.57003501750881,0,0
227.71860930465238,1,0
227.86718359179594,0,0
228.01575787893952,0,0
228.1643321660831,1,0
228.31290645322667,2,0
228.46148074037023,0,0
228.6100550275138,0,0
228.75862931465738,0,0
228.90720360180097,0,0
229.05577788894453,1,0
229.2043521760881,0,0
229.35292646323165,0,0
229.50150075037524,0,0
229.65007503751883,0,0
229.7986493246624,0,0
229.94722361180595,0,0
230.0957978989495,0,0
230.2443721860931,0,0
230.3929464732367,0,0
230.54152076038025,1,0
230.6900950475238,0,0
230.83866933466737,0,0
230.98724362181096,0,0
231.13581790895455,0,0
231.2843921960981,0,0
231.43296648324167,0,0
231.58154077038523,0,0
231.73011505752882,1,0
231.87868934467238,0,0
232.02726363181597,0,0
232.17583791895953,0,0
232.3244122061031,0,0
232.47298649324668,1,0
232.62156078039024,0,0
232.77013506753383,0,0
232.9187093546774,0,0
233.06728364182095,0,0
233.21585792896454,0,0
233.3644322161081,0,0
233.5130065032517,1,0
233.66158079039525,0,0
233.8101550775388,3,0
233.9587293646824,0,0
234.10730365182596,1,0
234.25587793896955,0,0
234.4044522261131,0,0
234.55302651325667,0,0
234.70160080040026,0,0
234.85017508754382,0,0
234.9987493746874,0,0
235.14732366183097,0,0
235.29589794897453,0,0
235.44447223611812,1,0
235.59304652326168,0,0
235.74162081040527,0,0
235.89019509754883,0,0
236.0387693846924,1,0
236.18734367183598,0,0
236.33591795897954,0,0
236.48449224612312,0,0
236.63306653326669,0,0
236.78164082041025,0,0
236.93021510755383,0,0
237.0787893946974,0,0
237.22736368184098,0,0
237.37593796898454,0,0
237.5245122561281,0,0
237.6730865432717,0,0
237.82166083041525,1,0
237.97023511755884,1,0
238.1188094047024,1,0
238.26738369184596,0,0
238.41595797898955,0,0
238.5645322661331,0,0
238.7131065532767,0,0
238.86168084042026,1,0
239.01025512756382,0,0
239.1588294147074,0,0
239.30740370185097,0,0
239.45597798899456,0,0
239.60455227613812,0,0
239.75312656328168,0,0
239.90170085042527,0,0
240.05027513756883,0,0
240.19884942471242,0,0
240.34742371185598,0,0
240.49599799899954,0,0
240.64457228614313,0,0
240.7931465732867,0,0
240.94172086043028,0,0
241.09029514757384,1,0
241.2388694347174,1,0
241.387443721861,0,0
241.53601800900455,0,0
241.68459229614814,1,0
241.8331665832917,0,0
241.98174087043526,0,0
242.13031515757885,0,0
242.2788894447224,0,0
242.427463731866,1,0
242.57603801900956,0,0
242.72461230615312,0,0
242.8731865932967,0,0
243.02176088044027,0,0
243.17033516758386,0,0
243.31890945472742,0,0
243.46748374187098,0,0
243.61605802901457,0,0
243.76463231615813,0,0
243.91320660330172,0,0
244.06178089044528,0,0
244.21035517758884,0,0
244.35892946473243,0,0
244.507503751876,1,0
244.65607803901958,0,0
244.80465232616314,0,0
244.9532266133067,0,0
245.10180090045029,1,0
245.25037518759385,0,0
245.39894947473744,0,0
245.547523761881,1,0
245.69609804902456,0,0
245.84467233616814,0,0
245.9932466233117,0,0
246.1418209104553,0,0
246.29039519759885,0,0
246.43896948474242,0,0
246.587543771886,1,0
246.73611805902956,0,0
246.88469234617315,0,0
247.0332666333167,1,0
247.18184092046027,0,0
247.33041520760386,0,0
247.47898949474742,1,0
247.627563781891,0,0
247.77613806903457,0,0
247.92471235617813,0,0
248.07328664332172,0,0
248.22186093046528,0,0
248.37043521760887,1,0
248.51900950475243,1,0
248.667583791896,0,0
248.81615807903958,0,0
248.96473236618314,0,0
249.11330665332673,1,0
249.2618809404703,0,0
249.41045522761385,0,0
249.55902951475744,0,0
249.707603801901,0,0
249.8561780890446,0,0
250.00475237618815,0,0
250.1533266633317,0,0
250.3019009504753,0,0
250.45047523761886,0,0
250.59904952476245,0,0
250.747623811906,0,0
250.89619809904957,0,0
251.04477238619316,1,0
251.19334667333672,0,0
251.3419209604803,0,0
251.49049524762387,0,0
251.63906953476743,0,0
251.78764382191102,0,0
251.93621810905458,0,0
252.08479239619817,0,0
252.23336668334173,0,0
252.3819409704853,0,0
252.53051525762888,1,0
252.67908954477244,1,0
252.82766383191603,0,0
252.9762381190596,0,0
253.12481240620315,0,0
253.27338669334674,0,0
253.4219609804903,0,0
253.5705352676339,0,0
253.71910955477745,0,0
253.867683841921,0,0
254.0162581290646,1,0
254.16483241620816,2,0
254.31340670335175,1,0
254.4619809904953,0,0
254.61055527763887,0,0
254.75912956478246,0,0
254.90770385192602,0,0
255.0562781390696,0,0
255.20485242621317,1,0
255.35342671335673,0,0
255.50200100050031,0,0
255.65057528764387,0,0
255.79914957478746,1,0
255.94772386193102,0,0
256.09629814907464,0,0
256.2448724362182,0,0
256.39344672336176,0,0
256.5420210105053,0,0
256.6905952976489,0,0
256.83916958479244,0,0
256.98774387193606,2,0
257.1363181590796,1,0
257.2848924462232,0,0
257.43346673336674,1,0
257.58204102051036,0,0
257.7306153076539,0,0
257.8791895947975,1,0
258.02776388194104,0,0
258.1763381690846,0,0
258.32491245622816,0,0
258.4734867433718,0,0
258.62206103051534,0,0
258.7706353176589,0,0
258.91920960480246,0,0
259.067783891946,0,0
259.2163581790896,1,0
259.3649324662332,0,0
259.51350675337676,0,0
259.6620810405203,1,0
259.8106553276639,0,0
259.95922961480744,0,0
260.107803901951,0,0
260.2563781890946,1,0
260.4049524762382,0,0
260.55352676338174,0,0
260.7021010505253,1,0
260.8506753376689,0,0
260.9992496248125,0,0
261.14782391195604,0,0
261.2963981990996,1,0
261.44497248624316,0,0
261.5935467733867,0,0
261.74212106053034,2,0
261.8906953476739,0,0
262.03926963481746,0,0
262.187843921961,1,0
262.33641820910464,0,0
262.4849924962482,0,0
262.63356678339176,0,0
262.7821410705353,0,0
262.9307153576789,1,0
263.07928964482244,1,0
263.22786393196606,0,0
263.3764382191096,2,0
263.5250125062532,1,0
263.67358679339674,0,0
263.82216108054035,0,0
263.9707353676839,0,0
264.1193096548275,0,0
264.26788394197104,0,0
264.4164582291146,1,0
264.56503251625816,0,0
264.7136068034018,0,0
264.86218109054533,0,0
265.0107553776889,1,0
265.15932966483246,0,0
265.3079039519761,1,0
265.45647823911963,0,0
265.6050525262632,0,0
265.75362681340675,0,0
265.9022011005503,0,0
266.0507753876939,0,0
266.1993496748375,0,0
266.34792396198105,1,0
266.4964982491246,0,0
266.6450725362682,1,0
266.7936468234118,1,0
266.94222111055535,0,0
267.0907953976989,0,0
267.2393696848425,0,0
267.38794397198603,0,0
267.5365182591296,0,0
267.6850925462732,1,0
267.83366683341677,0,0
267.98224112056033,0,0
268.1308154077039,0,0
268.2793896948475,1,0
268.42796398199107,0,0
268.57653826913463,0,0
268.7251125562782,0,0
268.87368684342175,0,0
269.0222611305653,0,0
269.17083541770893,0,0
269.3194097048525,0,0
269.46798399199605,0,0
269.6165582791396,0,0
269.7651325662832,0,0
269.9137068534268,1,0
270.06228114057035,0,0
270.2108554277139,0,0
270.35942971485747,0,0
270.50800400200103,0,0
270.65657828914465,0,0
270.8051525762882,1,0
270.95372686343177,0,0
271.10230115057533,0,0
271.25087543771895,1,0
271.3994497248625,0,0
271.54802401200607,2,0
271.6965982991496,0,0
271.8451725862932,0,0
271.99374687343675,1,0
272.14232116058037,1,0
272.2908954477239,0,0
272.4394697348675,0,0
272.58804402201105,1,0
272.73661830915466,0,0
272.8851925962982,1,0
273.0337668834418,0,0
273.18234117058535,1,0
273.3309154577289,0,0
273.47948974487247,0,0
273.6280640320161,0,0
273.77663831915964,0,0
273.9252126063032,0,0
274.07378689344677,0,0
274.2223611805904,0,0
274.37093546773394,0,0
274.5195097548775,0,0
274.66808404202106,0,0
274.8166583291646,0,0
274.9652326163082,0,0
275.1138069034518,0,0
275.26238119059536,1,0
275.4109554777389,0,0
275.5595297648825,0,0
275.7081040520261,0,0
275.85667833916966,1,0
276.0052526263132,0,0
276.1538269134568,0,0
276.30240120060034,0,0
276.4509754877439,2,0
276.5995497748875,2,0
276.7481240620311,1,0
276.89669834917464,1,0
277.0452726363182,1,0
277.1938469234618,0,0
277.3424212106054,0,0
277.49099549774894,0,0
277.6395697848925,0,0
277.78814407203606,0,0
277.9367183591796,1,0
278.08529264632324,0,0
278.2338669334668,2,0
278.38244122061036,0,0
278.5310155077539,0,0
278.67958979489754,2,0
278.8281640820411,0,0
278.97673836918466,0,0
279.1253126563282,1,0
279.2738869434718,0,0
279.42246123061534,0,0
279.57103551775896,1,0
279.7196098049025,0,0
279.8681840920461,1,0
280.01675837918964,1,0
280.16533266633326,0,0
280.3139069534768,1,0
280.4624812406204,0,0
280.61105552776394,0,0
280.7596298149075,0,0
280.90820410205106,1,0
281.0567783891947,0,0
281.20535267633824,0,0
281.3539269634818,0,0
281.50250125062536,0,0
281.651075537769,1,0
281.79964982491254,0,0
281.9482241120561,1,0
282.09679839919966,0,0
282.2453726863432,0,0
282.3939469734868,0,0
282.5425212606304,1,0
282.69109554777395,0,0
282.8396698349175,0,0
282.9882441220611,0,0
283.1368184092047,0,0
283.28539269634825,1,0
283.4339669834918,0,0
283.5825412706354,0,0
283.73111555777893,1,0
283.8796898449225,1,0
284.0282641320661,1,0
284.1768384192097,0,0
284.32541270635323,0,0
284.4739869934968,1,0
284.6225612806404,1,0
284.771135567784,1,0
284.91970985492753,0,0
285.0682841420711,0,0
285.21685842921465,0,0
285.3654327163582,2,0
285.51400700350183,1,0
285.6625812906454,1,0
285.81115557778895,0,0
285.9597298649325,0,0
286.10830415207613,0,0
286.2568784392197,0,0
286.40545272636325,1,0
286.5540270135068,0,0
286.7026013006504,0,0
286.85117558779393,0,0
286.99974987493755,1,0
287.1483241620811,1,0
287.29689844922467,0,0
287.44547273636823,1,0
287.59404702351185,2,0
287.7426213106554,0,0
287.89119559779897,0,0
288.03976988494253,1,0
288.1883441720861,0,0
288.33691845922965,0,0
288.48549274637327,0,0
288.6340670335168,0,0
288.7826413206604,0,0
288.93121560780395,0,0
289.07978989494757,0,0
289.2283641820911,0,0
289.3769384692347,1,0
289.52551275637825,0,0
289.6740870435218,1,0
289.82266133066537,0,0
289.971235617809,2,0
290.11980990495255,0,0
290.2683841920961,1,0
290.41695847923967,0,0
290.5655327663833,0,0
290.71410705352685,1,0
290.8626813406704,1,0
291.01125562781397,0,0
291.1598299149575,1,0
291.3084042021011,0,0
291.4569784892447,0,0
291.60555277638827,1,0
291.7541270635318,3,0
291.9027013506754,0,0
292.051275637819,0,0
292.19984992496256,1,0
292.3484242121061,3,0
292.4969984992497,1,0
292.64557278639325,0,0
292.7941470735368,0,0
292.9427213606804,0,0
293.091295647824,2,0
293.23986993496754,1,0
293.3884442221111,0,0
293.5370185092547,0,0
293.6855927963983,0,0
293.83416708354184,1,0
293.9827413706854,0,0
294.13131565782896,1,0
294.2798899449725,0,0
294.42846423211614,1,0
294.5770385192597,1,0
294.72561280640326,0,0
294.8741870935468,0,0
295.02276138069044,1,0
295.171335667834,0,0
295.31990995497756,0,0
295.4684842421211,2,0
295.6170585292647,1,0
295.76563281640824,0,0
295.91420710355186,1,0
296.0627813906954,2,0
296.211355677839,1,0
296.35992996498254,1,0
296.50850425212616,0,0
296.6570785392697,0,0
296.8056528264133,1,0
296.95422711355684,1,0
297.1028014007004,0,0
297.25137568784396,0,0
297.3999499749876,0,0
297.54852426213114,0,0
297.6970985492747,0,0
297.84567283641826,0,0
297.9942471235619,1,0
298.14282141070544,0,0
298.291395697849,0,0
298.43996998499256,1,0
298.5885442721361,0,0
298.7371185592797,0,0
298.8856928464233,0,0
299.03426713356686,0,0
299.1828414207104,0,0
299.331415707854,0,0
299.4799899949976,0,0
299.62856428214116,0,0
299.7771385692847,11,0
299.9257128564283,119,0
