pulseheight,counts_ch_A,counts_ch_B
3.0742871435717865,27,28
3.2228614307153585,12,32
3.37143571785893,26,23
3.5200100050025016,21,21
3.6685842921460736,16,21
3.8171585792896456,15,25
3.965732866433217,14,26
4.114307153576789,11,30
4.262881440720362,25,18
4.411455727863933,19,31
4.560030015007504,18,24
4.708604302151077,25,30
4.857178589294648,22,18
5.005752876438221,30,28
5.154327163581792,32,25
5.302901450725363,20,22
5.451475737868936,27,32
5.600050025012507,22,29
5.748624312156079,20,33
5.897198599299651,22,35
6.045772886443222,24,29
6.194347173586795,28,23
6.342921460730366,18,24
6.491495747873938,19,21
6.64007003501751,25,32
6.7886443221610815,26,22
6.937218609304654,21,34
7.0857928964482255,31,32
7.2343671835917975,23,34
7.3829414707353695,26,25
7.531515757878941,30,29
7.680090045022513,18,22
7.828664332166085,29,22
7.977238619309657,27,34
8.125812906453229,30,27
8.2743871935968,20,28
8.422961480740373,19,26
8.571535767883944,21,26
8.720110055027515,25,20
8.868684342171086,15,27
9.017258629314659,20,26
9.165832916458232,22,25
9.314407203601803,25,36
9.462981490745374,20,24
9.611555777888945,19,28
9.760130065032518,20,24
9.908704352176091,31,22
10.057278639319662,228,32
10.205852926463233,441,25
10.354427213606805,425,38
10.503001500750377,475,26
10.65157578789395,398,186
10.800150075037521,436,340
10.948724362181093,387,336
11.097298649324664,441,330
11.245872936468235,430,355
11.394447223611808,406,329
11.54302151075538,418,305
11.691595797898952,377,305
11.840170085042523,434,352
11.988744372186094,401,352
12.137318659329667,408,333
12.28589294647324,382,324
12.434467233616811,403,341
12.583041520760382,387,328
12.731615807903953,418,326
12.880190095047526,399,379
13.028764382191099,424,355
13.17733866933467,410,363
13.325912956478241,446,357
13.474487243621812,434,357
13.623061530765385,445,355
13.771635817908958,468,342
13.92021010505253,458,391
14.0687843921961,417,326
14.217358679339672,473,366
14.365932966483244,474,354
14.514507253626816,483,390
14.663081540770389,458,347
14.81165582791396,452,312
14.96023011505753,420,291
15.108804402201104,485,346
15.257378689344675,381,332
15.405952976488248,409,300
15.554527263631819,427,323
15.70310155077539,406,312
15.851675837918963,392,301
16.000250125062536,414,297
16.148824412206107,410,274
16.297398699349678,357,295
16.445972986493253,386,323
16.59454727363682,368,235
16.743121560780395,348,282
16.891695847923966,382,241
17.040270135067537,361,235
17.188844422211112,357,246
17.33741870935468,365,241
17.485992996498254,325,242
17.634567283641825,342,241
17.783141570785396,364,198
17.93171585792897,361,231
18.08029014507254,313,195
18.228864432216113,308,231
18.377438719359684,307,215
18.526013006503256,368,218
18.67458729364683,334,169
18.823161580790398,311,191
18.971735867933972,291,204
19.12031015507754,297,207
19.268884442221115,275,191
19.417458729364686,326,180
19.566033016508257,298,171
19.71460730365183,277,170
19.8631815907954,291,170
20.011755877938974,330,126
20.160330165082545,325,158
20.308904452226116,271,172
20.45747873936969,282,153
20.60605302651326,270,204
20.754627313656833,253,153
20.903201600800404,242,167
21.051775887943975,258,148
21.20035017508755,230,158
21.348924462231118,246,175
21.497498749374692,253,170
21.646073036518263,217,152
21.794647323661835,249,151
21.94322161080541,222,145
22.091795897948977,239,122
22.24037018509255,208,140
22.388944472236123,212,139
22.537518759379694,247,143
22.68609304652327,207,131
22.834667333666836,229,139
22.98324162081041,202,113
23.131815907953982,242,131
23.280390195097553,190,142
23.428964482241128,205,126
23.577538769384695,199,110
23.72611305652827,228,143
23.87468734367184,188,108
24.023261630815412,208,122
24.171835917958987,205,103
24.320410205102554,188,127
24.46898449224613,199,96
24.6175587793897,190,108
24.76613306653327,187,94
24.914707353676846,179,98
25.063281640820414,181,78
25.211855927963988,179,80
25.360430215107556,147,74
25.50900450225113,173,86
25.657578789394705,157,80
25.806153076538273,147,92
25.954727363681847,144,88
26.103301650825415,132,83
26.25187593796899,161,73
26.400450225112564,153,73
26.549024512256132,144,65
26.697598799399707,142,76
26.846173086543274,128,75
26.99474737368685,148,94
27.143321660830424,121,56
27.29189594797399,109,65
27.440470235117566,119,65
27.589044522261133,97,60
27.737618809404708,121,68
27.886193096548283,133,71
28.03476738369185,115,62
28.183341670835425,100,60
28.331915957978993,93,47
28.480490245122567,107,47
28.629064532266142,104,57
28.77763881940971,88,48
28.926213106553284,88,41
29.07478739369685,93,52
29.223361680840426,85,51
29.371935967984,84,48
29.52051025512757,84,44
29.669084542271143,92,44
29.81765882941471,70,45
29.966233116558286,111,51
30.11480740370186,73,45
30.263381690845428,89,58
30.411955977989003,73,53
30.56053026513257,60,44
30.709104552276145,76,38
30.85767883941972,83,36
31.006253126563287,91,42
31.15482741370686,79,44
31.30340170085043,69,49
31.451975987994004,66,39
31.60055027513758,58,42
31.749124562281146,65,34
31.89769884942472,67,43
32.04627313656829,64,43
32.19484742371186,71,47
32.34342171085544,66,55
32.49199599799901,69,48
32.64057028514258,67,33
32.78914457228615,58,34
32.93771885942972,67,57
33.0862931465733,68,42
33.23486743371687,69,48
33.38344172086044,65,45
33.53201600800401,77,38
33.68059029514758,65,57
33.829164582291156,54,47
33.97773886943473,56,58
34.1263131565783,64,51
34.274887443721866,58,67
34.42346173086544,59,61
34.572036018009015,56,78
34.72061030515259,73,78
34.86918459229616,64,83
35.017758879439725,56,115
35.1663331665833,66,101
35.314907453726875,78,107
35.46348174087044,86,143
35.61205602801401,82,148
35.760630315157584,102,177
35.90920460230116,70,180
36.057778889444734,114,207
36.2063531765883,123,285
36.35492746373187,113,253
36.503501750875444,179,287
36.65207603801902,164,334
36.80065032516259,214,340
36.94922461230616,230,381
37.09779889944973,243,371
37.2463731865933,297,438
37.39494747373688,321,405
37.54352176088045,339,450
37.69209604802402,394,429
37.84067033516759,406,378
37.98924462231116,439,408
38.13781890945474,501,399
38.28639319659831,608,383
38.43496748374188,604,390
38.58354177088545,682,337
38.73211605802902,690,352
38.880690345172596,719,323
39.02926463231617,714,305
39.17783891945974,771,283
39.326413206603306,775,272
39.47498749374688,830,268
39.623561780890455,788,195
39.77213606803403,739,213
39.9207103551776,762,173
40.069284642321165,768,161
40.21785892946474,731,108
40.366433216608314,699,137
40.51500750375189,619,89
40.663581790895456,622,97
40.812156078039024,623,80
40.9607303651826,557,77
41.10930465232617,476,70
41.25787893946975,437,47
41.406453226613316,434,54
41.55502751375688,371,40
41.70360180090046,303,33
41.85217608804403,307,30
42.00075037518761,239,27
42.149324662331175,239,28
42.29789894947474,197,36
42.44647323661832,156,19
42.59504752376189,149,32
42.743621810905466,120,32
42.892196098049034,127,19
43.0407703851926,109,27
43.189344672336176,95,31
43.33791895947975,53,25
43.486493246623326,74,18
43.63506753376689,48,20
43.78364182091046,56,29
43.932216108054035,58,26
44.08079039519761,60,25
44.229364682341185,42,17
44.37793896948475,32,18
44.52651325662832,23,29
44.675087543771895,29,23
44.82366183091547,35,22
44.972236118059044,25,24
45.12081040520261,31,21
45.26938469234618,27,25
45.417958979489754,28,30
45.56653326663333,32,23
45.7151075537769,28,33
45.86368184092047,34,27
46.01225612806404,31,27
46.16083041520761,28,13
46.30940470235119,34,23
46.45797898949476,40,17
46.60655327663833,23,26
46.7551275637819,34,23
46.90370185092547,23,23
47.05227613806905,38,27
47.20085042521262,26,20
47.34942471235619,26,26
47.49799899949976,41,22
47.64657328664333,37,27
47.795147573786906,36,24
47.943721860930474,26,26
48.09229614807405,33,28
48.240870435217616,32,27
48.38944472236119,28,23
48.538019009504765,26,28
48.68659329664833,21,27
48.83516758379191,38,22
48.983741870935475,29,24
49.13231615807905,30,21
49.280890445222624,20,16
49.42946473236619,26,16
49.57803901950977,44,17
49.726613306653334,33,28
49.87518759379691,27,23
50.023761880940484,31,16
50.17233616808405,30,24
50.320910455227626,28,10
50.46948474237119,29,31
50.61805902951477,32,20
50.76663331665834,40,22
50.91520760380191,31,21
51.063781890945485,30,25
51.21235617808905,32,22
51.36093046523263,34,15
51.5095047523762,29,16
51.65807903951977,33,15
51.806653326663344,29,18
51.95522761380691,27,23
52.10380190095049,15,20
52.25237618809406,29,18
52.40095047523763,26,15
52.5495247623812,27,17
52.69809904952477,28,11
52.846673336668346,20,12
52.99524762381192,22,15
53.14382191095549,27,15
53.29239619809906,27,17
53.44097048524263,26,18
53.589544772386205,17,14
53.73811905952978,43,17
53.88669334667335,36,13
54.03526763381692,35,25
54.18384192096049,24,14
54.332416208104064,32,11
54.48099049524764,32,15
54.629564782391206,33,17
54.77813906953478,22,33
54.92671335667835,29,14
55.07528764382192,25,18
55.2238619309655,23,24
55.372436218109065,24,16
55.52101050525264,23,9
55.66958479239621,24,16
55.81815907953978,29,16
55.96673336668336,25,23
56.115307653826925,37,12
56.2638819409705,21,13
56.41245622811407,25,24
56.56103051525764,31,19
56.709604802401216,18,20
56.858179089544784,26,19
57.00675337668836,24,31
57.155327663831926,31,14
57.3039019509755,24,20
57.452476238119075,36,15
57.60105052526264,26,18
57.74962481240622,25,14
57.898199099549785,26,16
58.04677338669336,23,15
58.195347673836935,34,15
58.3439219609805,35,17
58.49249624812408,23,14
58.641070535267644,37,25
58.78964482241122,23,17
58.938219109554794,31,19
59.08679339669836,38,21
59.235367683841936,38,15
59.383941970985504,27,22
59.53251625812908,24,22
59.68109054527265,29,9
59.82966483241622,31,21
59.978239119559795,34,21
60.12681340670336,27,14
60.27538769384694,31,12
60.42396198099051,31,16
60.57253626813408,26,22
60.72111055527765,28,23
60.86968484242122,32,19
61.0182591295648,24,18
61.16683341670837,31,14
61.31540770385194,32,16
61.46398199099551,20,28
61.61255627813908,22,24
61.761130565282656,29,20
61.90970485242623,25,29
62.0582791395698,21,15
62.206853426713366,34,20
62.35542771385694,22,15
62.504002001000515,25,14
62.65257628814409,26,16
62.80115057528766,32,24
62.949724862431225,25,21
63.0982991495748,25,17
63.246873436718374,20,19
63.39544772386195,31,20
63.54402201100552,40,12
63.692596298149084,31,20
63.84117058529266,25,16
63.98974487243623,25,25
64.13831915957981,39,19
64.28689344672338,36,15
64.43546773386694,33,11
64.58404202101053,23,26
64.73261630815409,29,24
64.88119059529767,22,22
65.02976488244124,29,14
65.1783391695848,32,15
65.32691345672839,33,16
65.47548774387195,35,17
65.62406203101553,34,15
65.7726363181591,38,13
65.92121060530266,25,22
66.06978489244625,24,24
66.21835917958981,35,25
66.36693346673339,23,22
66.51550775387696,36,14
66.66408204102052,22,20
66.81265632816411,30,15
66.96123061530767,30,25
67.10980490245123,20,21
67.25837918959482,31,14
67.40695347673838,36,17
67.55552776388195,40,29
67.70410205102553,30,25
67.85267633816909,31,29
68.00125062531268,32,18
68.14982491245624,32,20
68.29839919959981,28,24
68.44697348674339,30,20
68.59554777388695,25,20
68.74412206103054,33,19
68.8926963481741,33,19
69.04127063531767,26,13
69.18984492246125,27,17
69.33841920960481,30,19
69.4869934967484,35,21
69.63556778389196,33,16
69.78414207103553,34,30
69.9327163581791,28,32
70.08129064532267,27,17
70.22986493246626,31,17
70.37843921960982,33,23
70.52701350675339,33,28
70.67558779389697,29,19
70.82416208104053,24,19
70.97273636818412,29,18
71.12131065532768,35,23
71.26988494247125,25,20
71.41845922961483,39,27
71.56703351675839,36,17
71.71560780390197,30,10
71.86418209104554,37,25
72.01275637818911,30,14
72.16133066533268,40,14
72.30990495247624,32,21
72.45847923961983,40,19
72.6070535267634,37,21
72.75562781390697,30,20
72.90420210105054,34,13
73.0527763881941,26,19
73.2013506753377,36,14
73.34992496248125,33,18
73.49849924962483,32,13
73.6470735367684,25,19
73.79564782391196,31,19
73.94422211105555,21,14
74.09279639819911,36,16
74.24137068534269,28,14
74.38994497248626,41,13
74.53851925962982,31,21
74.68709354677341,39,11
74.83566783391697,29,23
74.98424212106055,32,9
75.13281640820412,33,13
75.28139069534768,32,19
75.42996498249127,32,12
75.57853926963483,23,13
75.7271135567784,30,14
75.87568784392198,40,5
76.02426213106554,35,17
76.17283641820913,30,8
76.32141070535269,30,7
76.46998499249626,27,17
76.61855927963984,30,9
76.7671335667834,29,5
76.91570785392699,38,4
77.06428214107055,36,11
77.21285642821412,30,15
77.3614307153577,25,8
77.51000500250126,26,8
77.65857928964485,18,4
77.80715357678841,21,8
77.95572786393198,27,5
78.10430215107556,30,3
78.25287643821912,23,5
78.40145072536271,20,8
78.55002501250627,20,3
78.69859929964984,25,9
78.84717358679342,20,7
78.99574787393698,28,1
79.14432216108057,25,13
79.29289644822413,29,8
79.4414707353677,18,5
79.59004502251128,14,8
79.73861930965484,21,9
79.88719359679843,18,2
80.03576788394199,21,11
80.18434217108556,6,5
80.33291645822914,19,5
80.4814907453727,13,10
80.63006503251628,20,4
80.77863931965985,16,3
80.92721360680342,11,5
81.075787893947,15,3
81.22436218109056,12,6
81.37293646823414,11,8
81.5215107553777,22,6
81.67008504252128,13,6
81.81865932966485,16,2
81.96723361680841,15,6
82.115807903952,14,5
82.26438219109556,10,6
82.41295647823914,14,4
82.56153076538271,10,6
82.71010505252627,8,3
82.85867933966986,13,5
83.00725362681342,7,5
83.155827913957,8,6
83.30440220110057,13,8
83.45297648824413,17,6
83.60155077538772,10,5
83.75012506253128,8,6
83.89869934967486,3,6
84.04727363681843,9,9
84.19584792396199,10,9
84.34442221110558,9,3
84.49299649824914,9,9
84.64157078539272,9,3
84.79014507253629,9,6
84.93871935967985,9,2
85.08729364682344,9,6
85.235867933967,5,7
85.38444222111058,5,7
85.53301650825415,5,5
85.68159079539771,7,2
85.8301650825413,5,8
85.97873936968486,8,8
86.12731365682843,11,7
86.27588794397201,9,6
86.42446223111557,8,10
86.57303651825916,9,9
86.72161080540272,4,15
86.8701850925463,6,8
87.01875937968987,11,10
87.16733366683343,9,15
87.31590795397702,7,10
87.46448224112058,8,28
87.61305652826415,4,23
87.76163081540773,8,16
87.91020510255129,6,29
88.05877938969488,3,20
88.20735367683844,7,29
88.35592796398201,7,34
88.50450225112559,4,22
88.65307653826915,8,25
88.80165082541274,6,38
88.9502251125563,1,32
89.09879939969987,6,50
89.24737368684345,12,28
89.395947973987,6,48
89.5445222611306,15,43
89.69309654827416,12,39
89.84167083541773,7,49
89.9902451225613,20,51
90.13881940970487,16,42
90.28739369684845,7,59
90.43596798399201,14,46
90.58454227113559,17,51
90.73311655827916,23,40
90.88169084542272,24,54
91.03026513256631,20,47
91.17883941970987,20,55
91.32741370685345,19,40
91.47598799399702,37,60
91.62456228114058,22,48
91.77313656828417,34,50
91.92171085542773,55,53
92.0702851425713,38,58
92.21885942971488,36,46
92.36743371685844,40,45
92.51600800400203,48,44
92.66458229114559,58,32
92.81315657828915,62,40
92.96173086543274,59,39
93.1103051525763,67,51
93.25887943971989,52,42
93.40745372686345,69,46
93.55602801400701,76,36
93.7046023011506,79,30
93.85317658829416,71,25
94.00175087543775,80,39
94.15032516258131,91,36
94.29889944972487,89,22
94.44747373686846,82,27
94.59604802401202,92,21
94.74462231115561,83,16
94.89319659829917,85,12
95.04177088544273,86,19
95.19034517258632,114,20
95.33891945972988,82,14
95.48749374687347,96,12
95.63606803401703,116,15
95.78464232116059,107,10
95.93321660830418,89,3
96.08179089544774,109,13
96.23036518259133,82,5
96.37893946973489,104,9
96.52751375687845,89,7
96.67608804402204,87,3
96.8246623311656,82,6
96.97323661830919,75,6
97.12181090545275,71,1
97.27038519259631,81,10
97.4189594797399,71,4
97.56753376688346,76,3
97.71610805402705,58,7
97.8646823411706,61,1
98.01325662831417,83,4
98.16183091545776,54,5
98.31040520260132,69,2
98.4589794897449,38,0
98.60755377688847,41,3
98.75612806403203,54,1
98.90470235117562,47,4
99.05327663831918,38,5
99.20185092546276,43,3
99.35042521260632,47,2
99.49899949974989,33,2
99.64757378689347,29,3
99.79614807403703,27,2
99.94472236118062,25,4
100.09329664832418,32,8
100.24187093546774,14,3
100.39044522261133,17,4
100.5390195097549,23,2
100.68759379689848,15,3
100.83616808404204,10,4
100.9847423711856,10,5
101.13331665832919,6,3
101.28189094547275,10,3
101.43046523261634,8,4
101.5790395197599,9,4
101.72761380690346,8,2
101.87618809404705,10,3
102.02476238119061,13,0
102.1733366683342,7,5
102.32191095547776,8,7
102.47048524262132,8,7
102.61905952976491,4,4
102.76763381690847,2,2
102.91620810405206,5,1
103.06478239119562,2,5
103.21335667833918,2,4
103.36193096548277,3,5
103.51050525262633,1,1
103.65907953976992,4,7
103.80765382691348,1,4
103.95622811405704,4,4
104.10480240120063,6,2
104.25337668834419,2,6
104.40195097548778,2,4
104.55052526263134,4,9
104.6990995497749,1,4
104.84767383691849,1,3
104.99624812406205,1,8
105.14482241120564,4,4
105.2933966983492,2,2
105.44197098549276,2,6
105.59054527263635,3,3
105.73911955977991,5,5
105.8876938469235,2,5
106.03626813406706,2,2
106.18484242121062,4,4
106.3334167083542,5,5
106.48199099549777,3,3
106.63056528264136,4,6
106.77913956978492,4,4
106.92771385692848,5,1
107.07628814407207,5,6
107.22486243121563,2,2
107.37343671835922,5,5
107.52201100550278,6,0
107.67058529264634,8,5
107.81915957978993,6,3
107.96773386693349,5,1
108.11630815407707,9,1
108.26488244122064,4,1
108.4134567283642,3,0
108.56203101550778,4,2
108.71060530265135,7,2
108.85917958979493,3,0
109.0077538769385,3,2
109.15632816408205,3,2
109.30490245122564,4,0
109.4534767383692,7,0
109.6020510255128,2,2
109.75062531265635,4,1
109.89919959979991,1,3
110.0477738869435,5,1
110.19634817408706,3,1
110.34492246123065,6,0
110.49349674837421,11,1
110.64207103551777,1,0
110.79064532266136,6,3
110.93921960980492,6,0
111.08779389694851,2,2
111.23636818409207,5,0
111.38494247123563,1,2
111.53351675837922,1,0
111.68209104552278,2,1
111.83066533266637,0,0
111.97923961980993,3,1
112.12781390695349,4,2
112.27638819409708,3,0
112.42496248124064,1,1
112.57353676838423,5,0
112.72211105552779,3,1
112.87068534267135,2,2
113.01925962981494,2,0
113.1678339169585,3,0
113.31640820410209,2,3
113.46498249124565,2,0
113.61355677838921,2,0
113.7621310655328,2,1
113.91070535267636,1,1
114.05927963981995,0,1
114.20785392696351,1,1
114.35642821410707,2,1
114.50500250125066,2,2
114.65357678839422,2,0
114.80215107553781,2,2
114.95072536268137,0,0
115.09929964982493,3,2
115.24787393696852,1,1
115.39644822411208,0,0
115.54502251125567,3,1
115.69359679839923,1,1
115.84217108554279,0,2
115.99074537268638,1,1
116.13931965982994,1,1
116.28789394697353,1,2
116.43646823411709,1,1
116.58504252126065,1,1
116.73361680840424,0,0
116.8821910955478,4,0
117.03076538269138,2,1
117.17933966983495,0,1
117.3279139569785,1,1
117.4764882441221,1,1
117.62506253126566,1,1
117.77363681840923,3,3
117.9222111055528,1,0
118.07078539269637,2,2
118.21935967983995,0,0
118.36793396698351,1,3
118.51650825412709,1,1
118.66508254127066,0,0
118.81365682841422,0,3
118.96223111555781,0,1
119.11080540270137,1,1
119.25937968984495,0,2
119.40795397698852,1,2
119.55652826413208,2,0
119.70510255127567,0,1
119.85367683841923,2,1
120.00225112556281,0,3
120.15082541270638,1,0
120.29939969984994,0,1
120.44797398699353,0,0
120.59654827413709,0,0
120.74512256128067,1,1
120.89369684842424,1,0
121.0422711355678,5,0
121.19084542271139,1,2
121.33941970985495,1,0
121.48799399699853,1,3
121.6365682841421,2,0
121.78514257128566,1,1
121.93371685842925,1,1
122.08229114557281,0,1
122.23086543271639,0,2
122.37943971985996,0,0
122.52801400700352,2,0
122.67658829414711,1,0
122.82516258129067,1,1
122.97373686843424,3,1
123.12231115557782,0,2
123.27088544272138,1,2
123.41945972986497,1,0
123.56803401700853,1,3
123.7166083041521,0,2
123.86518259129568,0,2
124.01375687843924,0,1
124.16233116558283,1,1
124.31090545272639,2,1
124.45947973986996,1,0
124.60805402701354,0,0
124.7566283141571,1,2
124.90520260130069,2,1
125.05377688844425,1,2
125.20235117558782,1,1
125.3509254627314,0,0
125.49949974987496,1,0
125.64807403701855,1,0
125.7966483241621,0,0
125.94522261130568,0,0
126.09379689844926,0,0
126.24237118559282,2,3
126.3909454727364,0,0
126.53951975987997,1,1
126.68809404702354,1,0
126.83666833416711,1,2
126.98524262131068,1,0
127.13381690845426,0,0
127.28239119559782,3,1
127.4309654827414,3,2
127.57953976988497,1,1
127.72811405702853,1,1
127.87668834417212,0,1
128.02526263131568,2,2
128.17383691845927,0,1
128.32241120560283,0,1
128.47098549274642,0,0
128.61955977988998,1,1
128.76813406703354,1,1
128.91670835417713,0,0
129.0652826413207,0,0
129.21385692846428,0,2
129.36243121560784,0,1
129.5110055027514,0,1
129.659579789895,1,1
129.80815407703855,0,0
129.95672836418214,0,0
130.1053026513257,0,0
130.25387693846926,1,0
130.40245122561285,1,0
130.5510255127564,2,1
130.6995997999,0,2
130.84817408704356,0,0
130.99674837418712,0,0
131.14532266133068,1,1
131.29389694847427,1,2
131.44247123561783,0,0
131.59104552276142,0,0
131.73961980990498,0,0
131.88819409704854,1,2
132.03676838419213,1,0
132.1853426713357,2,1
132.33391695847928,2,0
132.48249124562284,0,0
132.6310655327664,0,0
132.77963981991,1,1
132.92821410705355,1,1
133.07678839419714,2,0
133.2253626813407,4,1
133.37393696848426,0,0
133.52251125562785,3,0
133.6710855427714,1,0
133.819659829915,1,0
133.96823411705856,1,1
134.11680840420212,0,0
134.2653826913457,1,0
134.41395697848927,2,1
134.56253126563286,1,2
134.71110555277642,0,0
134.85967983991998,0,0
135.00825412706357,3,1
135.15682841420713,0,0
135.30540270135072,3,0
135.45397698849428,1,1
135.60255127563784,0,0
135.75112556278143,1,0
135.89969984992499,1,1
136.04827413706857,1,0
136.19684842421213,1,1
136.3454227113557,1,0
136.49399699849928,1,0
136.64257128564284,0,1
136.79114557278643,0,0
136.93971985993,1,1
137.08829414707355,1,0
137.23686843421714,1,0
137.3854427213607,1,0
137.5340170085043,0,0
137.68259129564785,0,0
137.8311655827914,1,0
137.979739869935,1,2
138.12831415707856,2,1
138.27688844422215,0,0
138.4254627313657,2,0
138.57403701850927,2,1
138.72261130565286,0,2
138.87118559279642,2,0
139.01975987994,0,0
139.16833416708357,1,1
139.31690845422713,2,0
139.46548274137072,0,0
139.61405702851428,0,0
139.76263131565787,0,0
139.91120560280143,1,0
140.059779889945,1,0
140.20835417708858,1,0
140.35692846423214,2,0
140.50550275137573,0,1
140.6540770385193,1,0
140.80265132566285,0,0
140.95122561280644,0,0
141.09979989995,1,0
141.2483741870936,1,0
141.39694847423715,0,0
141.5455227613807,0,0
141.6940970485243,0,1
141.84267133566786,0,0
141.99124562281145,0,0
142.139819909955,1,1
142.28839419709857,1,1
142.43696848424216,0,1
142.58554277138572,0,0
142.7341170585293,0,0
142.88269134567287,0,0
143.03126563281643,0,1
143.17983991996002,0,2
143.32841420710358,2,1
143.47698849424717,0,1
143.62556278139073,0,0
143.7741370685343,1,2
143.92271135567788,0,0
144.07128564282144,0,0
144.21985992996503,1,0
144.3684342171086,1,0
144.51700850425215,0,1
144.66558279139574,0,0
144.8141570785393,0,0
144.96273136568288,0,1
145.11130565282645,0,1
145.25987993997,0,0
145.4084542271136,0,1
145.55702851425715,0,0
145.70560280140074,0,0
145.8541770885443,0,0
146.00275137568786,0,0
146.15132566283145,0,1
146.299899949975,0,0
146.4484742371186,1,0
146.59704852426216,0,0
146.74562281140572,1,0
146.8941970985493,0,0
147.04277138569287,0,0
147.19134567283646,0,0
147.33991995998002,0,0
147.48849424712358,0,0
147.63706853426717,0,0
147.78564282141073,1,0
147.93421710855432,1,1
148.08279139569788,1,2
148.23136568284144,0,1
148.37993996998503,0,0
148.5285142571286,0,0
148.67708854427218,2,1
148.82566283141574,0,0
148.9742371185593,0,0
149.1228114057029,0,1
149.27138569284645,0,0
149.41995997999004,0,0
149.5685342671336,0,0
149.71710855427716,0,0
149.86568284142075,0,0
150.0142571285643,1,1
150.1628314157079,1,0
150.31140570285146,1,0
150.45997998999502,0,0
150.6085542771386,0,0
150.75712856428217,0,0
150.90570285142576,0,0
151.05427713856932,1,0
151.20285142571288,1,1
151.35142571285647,0,0
151.50000000000003,0,1
151.64857428714362,0,1
151.79714857428718,0,1
151.94572286143074,0,0
152.09429714857433,0,0
152.2428714357179,0,1
152.39144572286148,0,0
152.54002001000504,1,1
152.6885942971486,0,0
152.8371685842922,0,0
152.98574287143575,1,1
153.13431715857934,1,1
153.2828914457229,0,0
153.43146573286646,0,2
153.58004002001005,1,3
153.7286143071536,0,2
153.8771885942972,0,0
154.02576288144076,0,1
154.17433716858432,0,0
154.3229114557279,1,0
154.47148574287147,1,1
154.62006003001505,0,0
154.76863431715861,0,2
154.91720860430217,0,1
155.06578289144576,1,0
155.21435717858932,0,0
155.3629314657329,0,1
155.51150575287647,0,0
155.66008004002003,1,1
155.80865432716362,0,0
155.95722861430718,0,0
156.10580290145077,2,0
156.25437718859433,0,0
156.4029514757379,1,0
156.55152576288148,1,0
156.70010005002504,0,1
156.84867433716863,0,1
156.9972486243122,1,0
157.14582291145575,0,0
157.29439719859934,1,1
157.4429714857429,0,0
157.5915457728865,0,0
157.74012006003005,0,0
157.8886943471736,0,0
158.0372686343172,0,1
158.18584292146076,0,0
158.33441720860435,0,0
158.4829914957479,3,1
158.63156578289147,0,0
158.78014007003506,2,0
158.92871435717862,0,2
159.0772886443222,0,0
159.22586293146577,1,0
159.37443721860933,0,1
159.52301150575292,0,1
159.67158579289648,0,0
159.82016008004007,1,2
159.96873436718363,0,0
160.1173086543272,1,1
160.26588294147078,1,3
160.41445722861434,0,1
160.56303151575793,1,0
160.7116058029015,1,1
160.86018009004505,1,1
161.00875437718864,0,0
161.1573286643322,1,0
161.3059029514758,0,0
161.45447723861935,2,0
161.6030515257629,0,0
161.7516258129065,0,0
161.90020010005006,1,1
162.04877438719365,0,0
162.1973486743372,0,0
162.34592296148077,1,0
162.49449724862436,1,0
162.64307153576792,1,0
162.7916458229115,0,0
162.94022011005507,0,0
163.08879439719863,0,1
163.23736868434221,0,1
163.38594297148578,1,1
163.53451725862936,0,1
163.68309154577292,2,1
163.83166583291649,0,0
163.98024012006007,1,1
164.12881440720363,0,1
164.27738869434722,0,0
164.42596298149078,1,0
164.57453726863434,0,0
164.72311155577793,2,0
164.8716858429215,0,0
165.02026013006508,1,0
165.16883441720864,1,1
165.3174087043522,0,0
165.4659829914958,0,1
165.61455727863935,1,0
165.76313156578294,0,0
165.9117058529265,0,1
166.06028014007006,0,0
166.20885442721365,1,0
166.3574287143572,0,0
166.5060030015008,0,0
166.65457728864436,0,0
166.80315157578792,0,1
166.9517258629315,1,0
167.10030015007507,0,0
167.24887443721866,0,0
167.39744872436222,0,0
167.54602301150578,0,0
167.69459729864937,1,0
167.84317158579293,0,0
167.99174587293652,0,0
168.14032016008008,0,0
168.28889444722364,0,0
168.43746873436723,0,0
168.5860430215108,0,0
168.73461730865438,0,0
168.88319159579794,0,1
169.0317658829415,1,0
169.1803401700851,0,0
169.32891445722865,1,0
169.47748874437224,1,0
169.6260630315158,1,0
169.77463731865936,0,0
169.92321160580295,0,0
170.0717858929465,1,0
170.2203601800901,0,2
170.36893446723366,1,0
170.51750875437722,0,0
170.6660830415208,0,1
170.81465732866437,1,0
170.96323161580796,0,0
171.11180590295152,1,0
171.26038019009508,0,0
171.40895447723867,0,0
171.55752876438223,0,1
171.70610305152582,0,0
171.85467733866938,0,0
172.00325162581294,0,0
172.15182591295653,0,0
172.30040020010009,1,0
172.44897448724367,0,0
172.59754877438723,0,1
172.7461230615308,0,0
172.89469734867438,0,0
173.04327163581794,0,0
173.19184592296153,0,0
173.3404202101051,2,0
173.48899449724865,0,0
173.63756878439224,0,0
173.7861430715358,0,0
173.9347173586794,0,1
174.08329164582295,0,0
174.2318659329665,0,0
174.3804402201101,0,0
174.52901450725366,0,1
174.67758879439725,0,0
174.8261630815408,0,1
174.97473736868437,0,0
175.12331165582796,0,1
175.27188594297152,0,0
175.4204602301151,0,1
175.56903451725867,0,0
175.71760880440223,0,1
175.86618309154582,0,0
176.01475737868938,0,2
176.16333166583297,0,2
176.31190595297653,0,0
176.4604802401201,0,2
176.60905452726368,0,0
176.75762881440724,0,2
176.90620310155083,0,1
177.0547773886944,0,0
177.20335167583795,0,0
177.35192596298154,0,0
177.5005002501251,0,0
177.6490745372687,0,0
177.79764882441225,0,1
177.9462231115558,0,1
178.0947973986994,0,0
178.24337168584296,1,1
178.39194597298655,1,0
178.5405202601301,0,0
178.68909454727367,0,0
178.83766883441726,0,0
178.98624312156082,0,0
179.1348174087044,0,0
179.28339169584797,1,1
179.43196598299153,1,1
179.58054027013512,0,0
179.72911455727868,3,0
179.87768884442227,2,0
180.02626313156583,0,0
180.1748374187094,1,0
180.32341170585298,1,0
180.47198599299654,0,0
180.62056028014013,0,1
180.7691345672837,0,0
180.91770885442725,1,0
181.0662831415708,0,0
181.2148574287144,2,0
181.36343171585798,0,1
181.51200600300155,0,0
181.6605802901451,0,0
181.80915457728867,1,0
181.95772886443226,0,0
182.10630315157584,0,0
182.2548774387194,3,0
182.40345172586296,1,0
182.55202601300653,0,0
182.7006003001501,2,0
182.8491745872937,1,0
182.99774887443726,1,0
183.14632316158082,1,0
183.29489744872438,1,0
183.44347173586797,0,0
183.59204602301156,1,0
183.74062031015512,0,0
183.88919459729868,0,0
184.03776888444224,0,0
184.18634317158583,0,0
184.33491745872942,0,0
184.48349174587298,1,0
184.63206603301654,0,0
184.7806403201601,1,0
184.9292146073037,0,1
185.07778889444728,0,0
185.22636318159084,1,0
185.3749374687344,0,0
185.52351175587796,0,0
185.67208604302155,0,0
185.82066033016514,0,0
185.9692346173087,2,0
186.11780890445226,0,0
186.26638319159582,2,0
186.4149574787394,2,0
186.563531765883,0,0
186.71210605302656,1,0
186.86068034017012,0,0
187.00925462731368,1,0
187.15782891445727,0,0
187.30640320160086,0,0
187.45497748874442,0,0
187.60355177588798,0,0
187.75212606303154,0,0
187.90070035017513,1,0
188.04927463731872,0,0
188.19784892446228,0,0
188.34642321160584,1,0
188.4949974987494,0,0
188.643571785893,0,0
188.79214607303658,0,0
188.94072036018014,0,0
189.0892946473237,0,0
189.23786893446726,0,0
189.38644322161085,0,0
189.53501750875444,0,0
189.683591795898,0,0
189.83216608304156,0,0
189.98074037018512,1,0
190.1293146573287,0,0
190.2778889444723,0,0
190.42646323161586,1,0
190.57503751875942,0,0
190.72361180590298,0,0
190.87218609304657,0,0
191.02076038019015,0,0
191.16933466733371,0,0
191.31790895447728,0,0
191.46648324162084,0,0
191.61505752876442,0,0
191.763631815908,0,0
191.91220610305157,0,0
192.06078039019513,0,0
192.2093546773387,0,0
192.35792896448228,0,1
192.50650325162587,0,0
192.65507753876943,0,0
192.803651825913,0,0
192.95222611305655,0,0
193.10080040020014,1,0
193.24937468734373,0,0
193.3979489744873,0,0
193.54652326163085,0,0
193.6950975487744,0,0
193.843671835918,0,0
193.9922461230616,1,0
194.14082041020515,0,0
194.2893946973487,0,0
194.43796898449227,0,1
194.58654327163586,0,0
194.73511755877945,0,0
194.883691845923,0,0
195.03226613306657,0,0
195.18084042021013,0,0
195.32941470735372,0,0
195.4779889944973,0,0
195.62656328164087,0,0
195.77513756878443,0,0
195.923711855928,0,0
196.07228614307158,0,0
196.22086043021517,0,0
196.36943471735873,0,0
196.5180090045023,0,0
196.66658329164585,1,0
196.81515757878944,0,0
196.96373186593303,0,0
197.1123061530766,0,0
197.26088044022015,0,0
197.4094547273637,0,0
197.5580290145073,0,0
197.7066033016509,0,0
197.85517758879445,0,0
198.003751875938,0,1
198.15232616308157,0,0
198.30090045022516,0,0
198.44947473736875,0,0
198.5980490245123,0,0
198.74662331165587,0,0
198.89519759879943,0,0
199.04377188594302,0,0
199.1923461730866,0,0
199.34092046023017,0,0
199.48949474737373,1,0
199.6380690345173,0,0
199.78664332166088,0,0
199.93521760880446,0,1
200.08379189594802,0,0
200.23236618309159,0,0
200.38094047023515,0,1
200.52951475737873,0,0
200.67808904452232,0,0
200.82666333166588,0,0
200.97523761880944,0,0
201.123811905953,0,0
201.2723861930966,0,0
201.42096048024018,0,0
201.56953476738374,0,0
201.7181090545273,0,0
201.86668334167086,0,0
202.01525762881445,0,0
202.16383191595804,0,0
202.3124062031016,0,0
202.46098049024516,0,0
202.60955477738872,1,0
202.7581290645323,0,0
202.9067033516759,0,0
203.05527763881946,0,0
203.20385192596302,0,0
203.35242621310658,0,0
203.50100050025017,0,0
203.64957478739376,0,1
203.79814907453732,0,0
203.94672336168088,0,0
204.09529764882444,0,0
204.24387193596803,1,0
204.39244622311162,0,0
204.54102051025518,0,0
204.68959479739874,0,0
204.8381690845423,0,0
204.9867433716859,0,1
205.13531765882948,1,0
205.28389194597304,0,0
205.4324662331166,0,0
205.58104052026016,0,0
205.72961480740375,0,0
205.87818909454734,0,0
206.0267633816909,0,0
206.17533766883446,0,0
206.32391195597802,0,0
206.4724862431216,0,0
206.6210605302652,0,1
206.76963481740876,0,0
206.91820910455232,0,0
207.06678339169588,0,0
207.21535767883947,0,0
207.36393196598306,0,0
207.51250625312662,0,0
207.66108054027018,0,0
207.80965482741374,0,0
207.95822911455733,0,0
208.10680340170092,0,0
208.25537768884448,2,0
208.40395197598804,0,0
208.5525262631316,0,0
208.70110055027519,0,0
208.84967483741877,0,0
208.99824912456234,0,0
209.1468234117059,0,0
209.29539769884946,0,0
209.44397198599304,0,0
209.59254627313663,0,0
209.7411205602802,0,0
209.88969484742375,0,0
210.03826913456732,0,0
210.1868434217109,0,0
210.3354177088545,0,0
210.48399199599805,0,0
210.6325662831416,0,0
210.78114057028517,0,0
210.92971485742876,0,0
211.07828914457235,0,0
211.2268634317159,0,0
211.37543771885947,0,0
211.52401200600303,0,0
211.67258629314662,1,0
211.8211605802902,0,0
211.96973486743377,0,0
212.11830915457733,0,0
212.2668834417209,0,0
212.41545772886448,0,0
212.56403201600807,0,0
212.71260630315163,0,0
212.8611805902952,0,0
213.00975487743875,0,0
213.15832916458234,0,0
213.30690345172593,0,1
213.4554777388695,0,0
213.60405202601305,0,0
213.7526263131566,0,0
213.9012006003002,0,0
214.0497748874438,0,0
214.19834917458735,0,0
214.3469234617309,0,0
214.49549774887447,0,0
214.64407203601806,0,1
214.79264632316165,0,0
214.9412206103052,0,0
215.08979489744877,0,0
215.23836918459233,0,0
215.38694347173592,1,0
215.5355177588795,0,0
215.68409204602307,0,1
215.83266633316663,0,1
215.9812406203102,0,0
216.12981490745378,0,0
216.27838919459737,0,0
216.42696348174093,0,0
216.5755377688845,1,1
216.72411205602805,0,0
216.87268634317164,0,1
217.02126063031523,0,0
217.1698349174588,0,0
217.31840920460235,0,0
217.4669834917459,0,0
217.6155577788895,0,0
217.76413206603308,0,1
217.91270635317665,0,0
218.0612806403202,0,0
218.20985492746377,0,0
218.35842921460736,0,0
218.50700350175094,0,0
218.6555777888945,0,0
218.80415207603806,0,0
218.95272636318163,0,0
219.10130065032521,0,0
219.2498749374688,0,0
219.39844922461236,0,0
219.54702351175592,0,0
219.69559779889948,0,0
219.84417208604307,0,0
219.99274637318666,0,0
220.14132066033022,0,0
220.28989494747378,0,0
220.43846923461734,0,0
220.58704352176093,0,0
220.73561780890452,0,0
220.88419209604808,0,0
221.03276638319164,0,0
221.1813406703352,0,0
221.3299149574788,0,0
221.47848924462238,0,0
221.62706353176594,1,0
221.7756378189095,0,0
221.92421210605306,0,0
222.07278639319665,0,0
222.22136068034024,0,0
222.3699349674838,0,0
222.51850925462736,0,0
222.66708354177092,0,0
222.8156578289145,0,0
222.9642321160581,0,1
223.11280640320166,0,0
223.26138069034522,0,0
223.40995497748878,0,0
223.55852926463237,0,0
223.70710355177596,0,0
223.85567783891952,0,0
224.00425212606308,0,0
224.15282641320664,1,1
224.30140070035023,1,0
224.44997498749382,0,0
224.59854927463738,0,0
224.74712356178094,0,0
224.8956978489245,0,1
225.0442721360681,0,0
225.19284642321168,0,0
225.34142071035524,0,0
225.4899949974988,0,0
225.63856928464236,1,0
225.78714357178595,0,0
225.93571785892954,0,0
226.0842921460731,0,0
226.23286643321666,0,0
226.38144072036022,0,0
226.5300150075038,0,0
226.6785892946474,0,0
226.82716358179096,0,0
226.97573786893452,0,0
227.12431215607808,0,0
227.27288644322167,0,0
227.42146073036525,0,0
227.57003501750881,0,0
227.71860930465238,0,0
227.86718359179594,0,0
228.01575787893952,0,0
228.1643321660831,0,0
228.31290645322667,0,0
228.46148074037023,0,1
228.6100550275138,0,0
228.75862931465738,0,0
228.90720360180097,0,0
229.05577788894453,0,0
229.2043521760881,1,0
229.35292646323165,0,0
229.50150075037524,0,0
229.65007503751883,0,0
229.7986493246624,0,0
229.94722361180595,0,0
230.0957978989495,0,0
230.2443721860931,0,0
230.3929464732367,0,0
230.54152076038025,0,0
230.6900950475238,0,0
230.83866933466737,0,0
230.98724362181096,2,1
231.13581790895455,0,0
231.2843921960981,0,0
231.43296648324167,0,0
231.58154077038523,0,0
231.73011505752882,0,0
231.87868934467238,0,0
232.02726363181597,1,0
232.17583791895953,0,0
232.3244122061031,0,0
232.47298649324668,0,0
232.62156078039024,0,0
232.77013506753383,0,0
232.9187093546774,0,0
233.06728364182095,0,0
233.21585792896454,0,0
233.3644322161081,0,0
233.5130065032517,0,0
233.66158079039525,0,0
233.8101550775388,0,0
233.9587293646824,0,0
234.10730365182596,0,0
234.25587793896955,0,0
234.4044522261131,0,0
234.55302651325667,0,0
234.70160080040026,0,0
234.85017508754382,0,0
234.9987493746874,0,0
235.14732366183097,0,0
235.29589794897453,0,0
235.44447223611812,0,0
235.59304652326168,0,0
235.74162081040527,0,0
235.89019509754883,0,0
236.0387693846924,0,0
236.18734367183598,0,0
236.33591795897954,0,0
236.48449224612312,0,0
236.63306653326669,0,0
236.78164082041025,1,0
236.93021510755383,0,0
237.0787893946974,0,0
237.22736368184098,0,0
237.37593796898454,0,0
237.5245122561281,0,0
237.6730865432717,0,0
237.82166083041525,0,0
237.97023511755884,0,0
238.1188094047024,1,0
238.26738369184596,0,0
238.41595797898955,0,0
238.5645322661331,0,0
238.7131065532767,0,0
238.86168084042026,0,1
239.01025512756382,0,0
239.1588294147074,0,0
239.30740370185097,0,0
239.45597798899456,0,0
239.60455227613812,0,0
239.75312656328168,0,0
239.90170085042527,0,0
240.05027513756883,0,0
240.19884942471242,0,0
240.34742371185598,0,0
240.49599799899954,0,0
240.64457228614313,0,1
240.7931465732867,0,0
240.94172086043028,0,0
241.09029514757384,0,0
241.2388694347174,1,0
241.387443721861,0,0
241.53601800900455,0,0
241.68459229614814,0,0
241.8331665832917,0,0
241.98174087043526,0,0
242.13031515757885,0,0
242.2788894447224,0,0
242.427463731866,0,0
242.57603801900956,0,0
242.72461230615312,0,0
242.8731865932967,0,0
243.02176088044027,0,0
243.17033516758386,0,0
243.31890945472742,0,0
243.46748374187098,1,0
243.61605802901457,0,0
243.76463231615813,0,0
243.91320660330172,0,0
244.06178089044528,0,0
244.21035517758884,1,0
244.35892946473243,0,0
244.507503751876,0,0
244.65607803901958,0,0
244.80465232616314,0,0
244.9532266133067,0,0
245.10180090045029,0,0
245.25037518759385,0,0
245.39894947473744,0,0
245.547523761881,0,0
245.69609804902456,0,0
245.84467233616814,0,0
245.9932466233117,0,0
246.1418209104553,0,0
246.29039519759885,0,0
246.43896948474242,0,0
246.587543771886,0,0
246.73611805902956,1,0
246.88469234617315,0,0
247.0332666333167,0,0
247.18184092046027,0,0
247.33041520760386,0,0
247.47898949474742,0,0
247.627563781891,0,0
247.77613806903457,0,0
247.92471235617813,0,0
248.07328664332172,0,0
248.22186093046528,0,1
248.37043521760887,1,0
248.51900950475243,0,0
248.667583791896,0,0
248.81615807903958,0,1
248.96473236618314,0,0
249.11330665332673,1,0
249.2618809404703,0,0
249.41045522761385,0,0
249.55902951475744,0,0
249.707603801901,0,0
249.8561780890446,0,0
250.00475237618815,0,0
250.1533266633317,0,0
250.3019009504753,0,0
250.45047523761886,0,0
250.59904952476245,0,0
250.747623811906,0,0
250.89619809904957,1,0
251.04477238619316,0,1
251.19334667333672,0,0
251.3419209604803,0,0
251.49049524762387,0,0
251.63906953476743,0,0
251.78764382191102,0,1
251.93621810905458,0,0
252.08479239619817,0,0
252.23336668334173,1,0
252.3819409704853,0,0
252.53051525762888,0,0
252.67908954477244,0,0
252.82766383191603,0,0
252.9762381190596,0,0
253.12481240620315,0,0
253.27338669334674,0,0
253.4219609804903,0,0
253.5705352676339,0,1
253.71910955477745,0,0
253.867683841921,1,0
254.0162581290646,0,0
254.16483241620816,0,0
254.31340670335175,1,0
254.4619809904953,1,0
254.61055527763887,0,0
254.75912956478246,0,0
254.90770385192602,0,0
255.0562781390696,0,0
255.20485242621317,0,0
255.35342671335673,0,0
255.50200100050031,0,0
255.65057528764387,0,0
255.79914957478746,0,0
255.94772386193102,0,0
256.09629814907464,0,0
256.2448724362182,0,0
256.39344672336176,0,0
256.5420210105053,1,0
256.6905952976489,0,0
256.83916958479244,0,0
256.98774387193606,0,0
257.1363181590796,0,0
257.2848924462232,0,0
257.43346673336674,0,0
257.58204102051036,1,0
257.7306153076539,0,0
257.8791895947975,0,0
258.02776388194104,0,0
258.1763381690846,0,0
258.32491245622816,0,0
258.4734867433718,0,0
258.62206103051534,0,0
258.7706353176589,0,0
258.91920960480246,0,0
259.067783891946,0,0
259.2163581790896,0,0
259.3649324662332,0,0
259.51350675337676,0,0
259.6620810405203,0,0
259.8106553276639,0,0
259.95922961480744,0,0
260.107803901951,0,0
260.2563781890946,0,0
260.4049524762382,1,0
260.55352676338174,0,0
260.7021010505253,0,1
260.8506753376689,0,0
260.9992496248125,1,0
261.14782391195604,0,0
261.2963981990996,0,0
261.44497248624316,0,1
261.5935467733867,0,0
261.74212106053034,0,0
261.8906953476739,0,0
262.03926963481746,0,0
262.187843921961,0,0
262.33641820910464,0,0
262.4849924962482,0,0
262.63356678339176,0,0
262.7821410705353,0,0
262.9307153576789,0,0
263.07928964482244,0,0
263.22786393196606,1,0
263.3764382191096,0,1
263.5250125062532,0,0
263.67358679339674,0,0
263.82216108054035,0,0
263.9707353676839,0,0
264.1193096548275,0,0
264.26788394197104,0,0
264.4164582291146,0,0
264.56503251625816,1,0
264.7136068034018,0,0
264.86218109054533,0,0
265.0107553776889,0,0
265.15932966483246,0,2
265.3079039519761,0,0
265.45647823911963,0,0
265.6050525262632,0,0
265.75362681340675,0,0
265.9022011005503,0,0
266.0507753876939,0,0
266.1993496748375,0,0
266.34792396198105,1,0
266.4964982491246,0,0
266.6450725362682,1,0
266.7936468234118,0,0
266.94222111055535,0,0
267.0907953976989,0,0
267.2393696848425,0,0
267.38794397198603,0,0
267.5365182591296,0,0
267.6850925462732,0,1
267.83366683341677,0,0
267.98224112056033,0,0
268.1308154077039,0,0
268.2793896948475,1,0
268.42796398199107,1,0
268.57653826913463,0,0
268.7251125562782,0,0
268.87368684342175,0,0
269.0222611305653,0,0
269.17083541770893,0,0
269.3194097048525,0,0
269.46798399199605,0,0
269.6165582791396,0,0
269.7651325662832,0,0
269.9137068534268,0,0
270.06228114057035,0,0
270.2108554277139,0,0
270.35942971485747,0,0
270.50800400200103,0,0
270.65657828914465,0,1
270.8051525762882,0,0
270.95372686343177,0,0
271.10230115057533,2,0
271.25087543771895,0,0
271.3994497248625,0,0
271.54802401200607,0,0
271.6965982991496,0,0
271.8451725862932,0,0
271.99374687343675,0,0
272.14232116058037,0,0
272.2908954477239,0,0
272.4394697348675,1,0
272.58804402201105,0,0
272.73661830915466,0,0
272.8851925962982,0,0
273.0337668834418,0,0
273.18234117058535,0,0
273.3309154577289,0,0
273.47948974487247,0,1
273.6280640320161,0,0
273.77663831915964,0,0
273.9252126063032,0,0
274.07378689344677,0,0
274.2223611805904,1,0
274.37093546773394,0,0
274.5195097548775,0,1
274.66808404202106,1,2
274.8166583291646,0,0
274.9652326163082,0,0
275.1138069034518,0,0
275.26238119059536,1,0
275.4109554777389,0,0
275.5595297648825,0,0
275.7081040520261,0,0
275.85667833916966,0,0
276.0052526263132,0,0
276.1538269134568,0,0
276.30240120060034,0,0
276.4509754877439,0,0
276.5995497748875,0,0
276.7481240620311,1,0
276.89669834917464,0,0
277.0452726363182,1,0
277.1938469234618,0,0
277.3424212106054,0,0
277.49099549774894,0,0
277.6395697848925,0,0
277.78814407203606,0,0
277.9367183591796,0,0
278.08529264632324,0,0
278.2338669334668,0,1
278.38244122061036,0,0
278.5310155077539,0,1
278.67958979489754,0,0
278.8281640820411,0,0
278.97673836918466,0,0
279.1253126563282,0,0
279.2738869434718,0,0
279.42246123061534,0,0
279.57103551775896,0,0
279.7196098049025,1,0
279.8681840920461,0,0
280.01675837918964,0,0
280.16533266633326,0,0
280.3139069534768,0,1
280.4624812406204,0,0
280.61105552776394,0,1
280.7596298149075,1,0
280.90820410205106,0,0
281.0567783891947,0,0
281.20535267633824,0,0
281.3539269634818,1,0
281.50250125062536,0,0
281.651075537769,0,0
281.79964982491254,0,0
281.9482241120561,0,0
282.09679839919966,0,0
282.2453726863432,0,0
282.3939469734868,0,0
282.5425212606304,0,0
282.69109554777395,0,0
282.8396698349175,0,0
282.9882441220611,0,0
283.1368184092047,0,0
283.28539269634825,0,0
283.4339669834918,0,0
283.5825412706354,1,1
283.73111555777893,0,0
283.8796898449225,0,0
284.0282641320661,0,0
284.1768384192097,0,0
284.32541270635323,0,0
284.4739869934968,0,0
284.6225612806404,0,0
284.771135567784,0,0
284.91970985492753,0,0
285.0682841420711,0,0
285.21685842921465,0,0
285.3654327163582,0,0
285.51400700350183,1,0
285.6625812906454,0,0
285.81115557778895,0,0
285.9597298649325,0,0
286.10830415207613,0,0
286.2568784392197,0,0
286.40545272636325,0,0
286.5540270135068,0,0
286.7026013006504,0,0
286.85117558779393,0,1
286.99974987493755,0,0
287.1483241620811,0,0
287.29689844922467,0,0
287.44547273636823,0,0
287.59404702351185,1,0
287.7426213106554,0,1
287.89119559779897,0,0
288.03976988494253,0,0
288.1883441720861,0,0
288.33691845922965,0,1
288.48549274637327,0,0
288.6340670335168,0,1
288.7826413206604,0,0
288.93121560780395,0,0
289.07978989494757,0,0
289.2283641820911,0,0
289.3769384692347,0,0
289.52551275637825,0,0
289.6740870435218,0,0
289.82266133066537,0,0
289.971235617809,0,0
290.11980990495255,0,0
290.2683841920961,0,0
290.41695847923967,0,1
290.5655327663833,0,0
290.71410705352685,0,0
290.8626813406704,0,0
291.01125562781397,0,0
291.1598299149575,1,0
291.3084042021011,0,0
291.4569784892447,0,0
291.60555277638827,0,0
291.7541270635318,0,0
291.9027013506754,0,1
292.051275637819,0,0
292.19984992496256,0,0
292.3484242121061,0,0
292.4969984992497,0,0
292.64557278639325,0,0
292.7941470735368,1,0
292.9427213606804,0,0
293.091295647824,0,0
293.23986993496754,1,0
293.3884442221111,1,0
293.5370185092547,0,0
293.6855927963983,0,0
293.83416708354184,0,1
293.9827413706854,0,0
294.13131565782896,0,0
294.2798899449725,1,0
294.42846423211614,0,1
294.5770385192597,0,0
294.72561280640326,0,0
294.8741870935468,0,0
295.02276138069044,0,0
295.171335667834,0,0
295.31990995497756,0,1
295.4684842421211,1,0
295.6170585292647,0,0
295.76563281640824,0,0
295.91420710355186,1,0
296.0627813906954,0,0
296.211355677839,0,0
296.35992996498254,0,0
296.50850425212616,0,1
296.6570785392697,1,0
296.8056528264133,0,0
296.95422711355684,0,0
297.1028014007004,0,0
297.25137568784396,1,1
297.3999499749876,0,0
297.54852426213114,0,0
297.6970985492747,0,0
297.84567283641826,0,0
297.9942471235619,0,0
298.14282141070544,0,0
298.291395697849,1,0
298.43996998499256,0,0
298.5885442721361,0,0
298.7371185592797,0,1
298.8856928464233,0,0
299.03426713356686,0,0
299.1828414207104,0,0
299.331415707854,0,0
299.4799899949976,0,0
299.62856428214116,0,0
299.7771385692847,0,0
299.9257128564283,4,0
